 0.00000000e+00  0.00000000e+00  0.00000000e+00  4.99999985e+00  0.00000000e+00  7.73069331e-01 
 5.00000000e-03  5.00000000e-03  5.00000000e-03  4.99999985e+00  5.00000000e-03  7.73069354e-01 
 1.00000000e-02  1.00000000e-02  1.00000000e-02  4.99999984e+00  1.00000000e-02  7.73069355e-01 
 1.50000000e-02  1.50000000e-02  1.50000000e-02  4.99999984e+00  1.50000000e-02  7.73069355e-01 
 2.00000000e-02  2.00000000e-02  2.00000000e-02  4.99999983e+00  2.00000000e-02  7.73069356e-01 
 2.50000000e-02  2.50000000e-02  2.50000000e-02  4.99999982e+00  2.50000000e-02  7.73069357e-01 
 3.00000000e-02  3.00000000e-02  3.00000000e-02  4.99999982e+00  3.00000000e-02  7.73069357e-01 
 3.50000000e-02  3.50000000e-02  3.50000000e-02  4.99999981e+00  3.50000000e-02  7.73069358e-01 
 4.00000000e-02  4.00000000e-02  4.00000000e-02  4.99999980e+00  4.00000000e-02  7.73069359e-01 
 4.50000000e-02  4.50000000e-02  4.50000000e-02  4.99999979e+00  4.50000000e-02  7.73069360e-01 
 5.00000000e-02  5.00000000e-02  5.00000000e-02  4.99999978e+00  5.00000000e-02  7.73069361e-01 
 5.50000000e-02  5.50000000e-02  5.50000000e-02  4.99999977e+00  5.50000000e-02  7.73069362e-01 
 6.00000000e-02  6.00000000e-02  6.00000000e-02  4.99999976e+00  6.00000000e-02  7.73069363e-01 
 6.50000000e-02  6.50000000e-02  6.50000000e-02  4.99999975e+00  6.50000000e-02  7.73069364e-01 
 7.00000000e-02  7.00000000e-02  7.00000000e-02  4.99999973e+00  7.00000000e-02  7.73069365e-01 
 7.50000000e-02  7.50000000e-02  7.50000000e-02  4.99999972e+00  7.50000000e-02  7.73069367e-01 
 8.00000000e-02  8.00000000e-02  8.00000000e-02  4.99999970e+00  8.00000000e-02  7.73069368e-01 
 8.50000000e-02  8.50000000e-02  8.50000000e-02  4.99999969e+00  8.50000000e-02  7.73069370e-01 
 9.00000000e-02  9.00000000e-02  9.00000000e-02  4.99999967e+00  9.00000000e-02  7.73069372e-01 
 9.50000000e-02  9.50000000e-02  9.50000000e-02  4.99999965e+00  9.50000000e-02  7.73069374e-01 
 1.00000000e-01  1.00000000e-01  1.00000000e-01  4.99999963e+00  1.00000000e-01  7.73069376e-01 
 1.05000000e-01  1.05000000e-01  1.05000000e-01  4.99999961e+00  1.05000000e-01  7.73069378e-01 
 1.10000000e-01  1.10000000e-01  1.10000000e-01  4.99999958e+00  1.10000000e-01  7.73069380e-01 
 1.15000000e-01  1.15000000e-01  1.15000000e-01  4.99999956e+00  1.15000000e-01  7.73069383e-01 
 1.20000000e-01  1.20000000e-01  1.20000000e-01  4.99999953e+00  1.20000000e-01  7.73069386e-01 
 1.25000000e-01  1.25000000e-01  1.25000000e-01  4.99999950e+00  1.25000000e-01  7.73069389e-01 
 1.30000000e-01  1.30000000e-01  1.30000000e-01  4.99999947e+00  1.30000000e-01  7.73069392e-01 
 1.35000000e-01  1.35000000e-01  1.35000000e-01  4.99999943e+00  1.35000000e-01  7.73069395e-01 
 1.40000000e-01  1.40000000e-01  1.40000000e-01  4.99999939e+00  1.40000000e-01  7.73069399e-01 
 1.45000000e-01  1.45000000e-01  1.45000000e-01  4.99999935e+00  1.45000000e-01  7.73069403e-01 
 1.50000000e-01  1.50000000e-01  1.50000000e-01  4.99999931e+00  1.50000000e-01  7.73069407e-01 
 1.55000000e-01  1.55000000e-01  1.55000000e-01  4.99999926e+00  1.55000000e-01  7.73069412e-01 
 1.60000000e-01  1.60000000e-01  1.60000000e-01  4.99999921e+00  1.60000000e-01  7.73069417e-01 
 1.65000000e-01  1.65000000e-01  1.65000000e-01  4.99999915e+00  1.65000000e-01  7.73069423e-01 
 1.70000000e-01  1.70000000e-01  1.70000000e-01  4.99999909e+00  1.70000000e-01  7.73069429e-01 
 1.75000000e-01  1.75000000e-01  1.75000000e-01  4.99999902e+00  1.75000000e-01  7.73069435e-01 
 1.80000000e-01  1.80000000e-01  1.80000000e-01  4.99999895e+00  1.80000000e-01  7.73069442e-01 
 1.85000000e-01  1.85000000e-01  1.85000000e-01  4.99999888e+00  1.85000000e-01  7.73069449e-01 
 1.90000000e-01  1.90000000e-01  1.90000000e-01  4.99999880e+00  1.90000000e-01  7.73069457e-01 
 1.95000000e-01  1.95000000e-01  1.95000000e-01  4.99999871e+00  1.95000000e-01  7.73069466e-01 
 2.00000000e-01  2.00000000e-01  2.00000000e-01  4.99999861e+00  2.00000000e-01  7.73069475e-01 
 2.05000000e-01  2.05000000e-01  2.05000000e-01  4.99999851e+00  2.05000000e-01  7.73069485e-01 
 2.10000000e-01  2.10000000e-01  2.10000000e-01  4.99999840e+00  2.10000000e-01  7.73069496e-01 
 2.15000000e-01  2.15000000e-01  2.15000000e-01  4.99999828e+00  2.15000000e-01  7.73069508e-01 
 2.20000000e-01  2.20000000e-01  2.20000000e-01  4.99999815e+00  2.20000000e-01  7.73069520e-01 
 2.25000000e-01  2.25000000e-01  2.25000000e-01  4.99999801e+00  2.25000000e-01  7.73069534e-01 
 2.30000000e-01  2.30000000e-01  2.30000000e-01  4.99999786e+00  2.30000000e-01  7.73069549e-01 
 2.35000000e-01  2.35000000e-01  2.35000000e-01  4.99999770e+00  2.35000000e-01  7.73069565e-01 
 2.40000000e-01  2.40000000e-01  2.40000000e-01  4.99999752e+00  2.40000000e-01  7.73069582e-01 
 2.45000000e-01  2.45000000e-01  2.45000000e-01  4.99999733e+00  2.45000000e-01  7.73069600e-01 
 2.50000000e-01  2.50000000e-01  2.50000000e-01  4.99999713e+00  2.50000000e-01  7.73069620e-01 
 2.55000000e-01  2.55000000e-01  2.55000000e-01  4.99999691e+00  2.55000000e-01  7.73069641e-01 
 2.60000000e-01  2.60000000e-01  2.60000000e-01  4.99999667e+00  2.60000000e-01  7.73069664e-01 
 2.65000000e-01  2.65000000e-01  2.65000000e-01  4.99999642e+00  2.65000000e-01  7.73069689e-01 
 2.70000000e-01  2.70000000e-01  2.70000000e-01  4.99999614e+00  2.70000000e-01  7.73069716e-01 
 2.75000000e-01  2.75000000e-01  2.75000000e-01  4.99999585e+00  2.75000000e-01  7.73069745e-01 
 2.80000000e-01  2.80000000e-01  2.80000000e-01  4.99999553e+00  2.80000000e-01  7.73069776e-01 
 2.85000000e-01  2.85000000e-01  2.85000000e-01  4.99999518e+00  2.85000000e-01  7.73069810e-01 
 2.90000000e-01  2.90000000e-01  2.90000000e-01  4.99999481e+00  2.90000000e-01  7.73069846e-01 
 2.95000000e-01  2.95000000e-01  2.95000000e-01  4.99999441e+00  2.95000000e-01  7.73069885e-01 
 3.00000000e-01  3.00000000e-01  3.00000000e-01  4.99999398e+00  3.00000000e-01  7.73069928e-01 
 3.05000000e-01  3.05000000e-01  3.05000000e-01  4.99999351e+00  3.05000000e-01  7.73069973e-01 
 3.10000000e-01  3.10000000e-01  3.10000000e-01  4.99999301e+00  3.10000000e-01  7.73070022e-01 
 3.15000000e-01  3.15000000e-01  3.15000000e-01  4.99999247e+00  3.15000000e-01  7.73070075e-01 
 3.20000000e-01  3.20000000e-01  3.20000000e-01  4.99999189e+00  3.20000000e-01  7.73070132e-01 
 3.25000000e-01  3.25000000e-01  3.25000000e-01  4.99999126e+00  3.25000000e-01  7.73070193e-01 
 3.30000000e-01  3.30000000e-01  3.30000000e-01  4.99999058e+00  3.30000000e-01  7.73070260e-01 
 3.35000000e-01  3.35000000e-01  3.35000000e-01  4.99998985e+00  3.35000000e-01  7.73070331e-01 
 3.40000000e-01  3.40000000e-01  3.40000000e-01  4.99998906e+00  3.40000000e-01  7.73070408e-01 
 3.45000000e-01  3.45000000e-01  3.45000000e-01  4.99998822e+00  3.45000000e-01  7.73070491e-01 
 3.50000000e-01  3.50000000e-01  3.50000000e-01  4.99998730e+00  3.50000000e-01  7.73070580e-01 
 3.55000000e-01  3.55000000e-01  3.55000000e-01  4.99998632e+00  3.55000000e-01  7.73070676e-01 
 3.60000000e-01  3.60000000e-01  3.60000000e-01  4.99998526e+00  3.60000000e-01  7.73070779e-01 
 3.65000000e-01  3.65000000e-01  3.65000000e-01  4.99998412e+00  3.65000000e-01  7.73070891e-01 
 3.70000000e-01  3.70000000e-01  3.70000000e-01  4.99998289e+00  3.70000000e-01  7.73071011e-01 
 3.75000000e-01  3.75000000e-01  3.75000000e-01  4.99998156e+00  3.75000000e-01  7.73071141e-01 
 3.80000000e-01  3.80000000e-01  3.80000000e-01  4.99998013e+00  3.80000000e-01  7.73071280e-01 
 3.85000000e-01  3.85000000e-01  3.85000000e-01  4.99997860e+00  3.85000000e-01  7.73071430e-01 
 3.90000000e-01  3.90000000e-01  3.90000000e-01  4.99997694e+00  3.90000000e-01  7.73071592e-01 
 3.95000000e-01  3.95000000e-01  3.95000000e-01  4.99997516e+00  3.95000000e-01  7.73071766e-01 
 4.00000000e-01  4.00000000e-01  4.00000000e-01  4.99997324e+00  4.00000000e-01  7.73071953e-01 
 4.05000000e-01  4.05000000e-01  4.05000000e-01  4.99997118e+00  4.05000000e-01  7.73072155e-01 
 4.10000000e-01  4.10000000e-01  4.10000000e-01  4.99996895e+00  4.10000000e-01  7.73072372e-01 
 4.15000000e-01  4.15000000e-01  4.15000000e-01  4.99996656e+00  4.15000000e-01  7.73072606e-01 
 4.20000000e-01  4.20000000e-01  4.20000000e-01  4.99996398e+00  4.20000000e-01  7.73072858e-01 
 4.25000000e-01  4.25000000e-01  4.25000000e-01  4.99996121e+00  4.25000000e-01  7.73073129e-01 
 4.30000000e-01  4.30000000e-01  4.30000000e-01  4.99995822e+00  4.30000000e-01  7.73073420e-01 
 4.35000000e-01  4.35000000e-01  4.35000000e-01  4.99995501e+00  4.35000000e-01  7.73073734e-01 
 4.40000000e-01  4.40000000e-01  4.40000000e-01  4.99995156e+00  4.40000000e-01  7.73074071e-01 
 4.45000000e-01  4.45000000e-01  4.45000000e-01  4.99994784e+00  4.45000000e-01  7.73074435e-01 
 4.50000000e-01  4.50000000e-01  4.50000000e-01  4.99994384e+00  4.50000000e-01  7.73074825e-01 
 4.55000000e-01  4.55000000e-01  4.55000000e-01  4.99993953e+00  4.55000000e-01  7.73075246e-01 
 4.60000000e-01  4.60000000e-01  4.60000000e-01  4.99993491e+00  4.60000000e-01  7.73075698e-01 
 4.65000000e-01  4.65000000e-01  4.65000000e-01  4.99992993e+00  4.65000000e-01  7.73076184e-01 
 4.70000000e-01  4.70000000e-01  4.70000000e-01  4.99992457e+00  4.70000000e-01  7.73076707e-01 
 4.75000000e-01  4.75000000e-01  4.75000000e-01  4.99991882e+00  4.75000000e-01  7.73077269e-01 
 4.80000000e-01  4.80000000e-01  4.80000000e-01  4.99991263e+00  4.80000000e-01  7.73077874e-01 
 4.85000000e-01  4.85000000e-01  4.85000000e-01  4.99990597e+00  4.85000000e-01  7.73078524e-01 
 4.90000000e-01  4.90000000e-01  4.90000000e-01  4.99989881e+00  4.90000000e-01  7.73079223e-01 
 4.95000000e-01  4.95000000e-01  4.95000000e-01  4.99989112e+00  4.95000000e-01  7.73079975e-01 
 5.00000000e-01  5.00000000e-01  5.00000000e-01  4.99988285e+00  5.00000000e-01  7.73080783e-01 
 5.05000000e-01  5.05000000e-01  5.05000000e-01  4.99987396e+00  5.05000000e-01  7.73081651e-01 
 5.10000000e-01  5.10000000e-01  5.10000000e-01  4.99986441e+00  5.10000000e-01  7.73082584e-01 
 5.15000000e-01  5.15000000e-01  5.15000000e-01  4.99985414e+00  5.15000000e-01  7.73083587e-01 
 5.20000000e-01  5.20000000e-01  5.20000000e-01  4.99984310e+00  5.20000000e-01  7.73084665e-01 
 5.25000000e-01  5.25000000e-01  5.25000000e-01  4.99983124e+00  5.25000000e-01  7.73085824e-01 
 5.30000000e-01  5.30000000e-01  5.30000000e-01  4.99981850e+00  5.30000000e-01  7.73087069e-01 
 5.35000000e-01  5.35000000e-01  5.35000000e-01  4.99980481e+00  5.35000000e-01  7.73088406e-01 
 5.40000000e-01  5.40000000e-01  5.40000000e-01  4.99979010e+00  5.40000000e-01  7.73089843e-01 
 5.45000000e-01  5.45000000e-01  5.45000000e-01  4.99977429e+00  5.45000000e-01  7.73091387e-01 
 5.50000000e-01  5.50000000e-01  5.50000000e-01  4.99975731e+00  5.50000000e-01  7.73093046e-01 
 5.55000000e-01  5.55000000e-01  5.55000000e-01  4.99973907e+00  5.55000000e-01  7.73094828e-01 
 5.60000000e-01  5.60000000e-01  5.60000000e-01  4.99971948e+00  5.60000000e-01  7.73096742e-01 
 5.65000000e-01  5.65000000e-01  5.65000000e-01  4.99969842e+00  5.65000000e-01  7.73098799e-01 
 5.70000000e-01  5.70000000e-01  5.70000000e-01  4.99967581e+00  5.70000000e-01  7.73101008e-01 
 5.75000000e-01  5.75000000e-01  5.75000000e-01  4.99965152e+00  5.75000000e-01  7.73103382e-01 
 5.80000000e-01  5.80000000e-01  5.80000000e-01  4.99962542e+00  5.80000000e-01  7.73105931e-01 
 5.85000000e-01  5.85000000e-01  5.85000000e-01  4.99959738e+00  5.85000000e-01  7.73108670e-01 
 5.90000000e-01  5.90000000e-01  5.90000000e-01  4.99956727e+00  5.90000000e-01  7.73111612e-01 
 5.95000000e-01  5.95000000e-01  5.95000000e-01  4.99953491e+00  5.95000000e-01  7.73114773e-01 
 6.00000000e-01  6.00000000e-01  6.00000000e-01  4.99950016e+00  6.00000000e-01  7.73118169e-01 
 6.05000000e-01  6.05000000e-01  6.05000000e-01  4.99946282e+00  6.05000000e-01  7.73121817e-01 
 6.10000000e-01  6.10000000e-01  6.10000000e-01  4.99942271e+00  6.10000000e-01  7.73125736e-01 
 6.15000000e-01  6.15000000e-01  6.15000000e-01  4.99937961e+00  6.15000000e-01  7.73129947e-01 
 6.20000000e-01  6.20000000e-01  6.20000000e-01  4.99933331e+00  6.20000000e-01  7.73134472e-01 
 6.25000000e-01  6.25000000e-01  6.25000000e-01  4.99928355e+00  6.25000000e-01  7.73139333e-01 
 6.30000000e-01  6.30000000e-01  6.30000000e-01  4.99923009e+00  6.30000000e-01  7.73144557e-01 
 6.35000000e-01  6.35000000e-01  6.35000000e-01  4.99917265e+00  6.35000000e-01  7.73150171e-01 
 6.40000000e-01  6.40000000e-01  6.40000000e-01  4.99911092e+00  6.40000000e-01  7.73156203e-01 
 6.45000000e-01  6.45000000e-01  6.45000000e-01  4.99904458e+00  6.45000000e-01  7.73162686e-01 
 6.50000000e-01  6.50000000e-01  6.50000000e-01  4.99897328e+00  6.50000000e-01  7.73169654e-01 
 6.55000000e-01  6.55000000e-01  6.55000000e-01  4.99889665e+00  6.55000000e-01  7.73177143e-01 
 6.60000000e-01  6.60000000e-01  6.60000000e-01  4.99881429e+00  6.60000000e-01  7.73185193e-01 
 6.65000000e-01  6.65000000e-01  6.65000000e-01  4.99872577e+00  6.65000000e-01  7.73193845e-01 
 6.70000000e-01  6.70000000e-01  6.70000000e-01  4.99863062e+00  6.70000000e-01  7.73203146e-01 
 6.75000000e-01  6.75000000e-01  6.75000000e-01  4.99852835e+00  6.75000000e-01  7.73213143e-01 
 6.80000000e-01  6.80000000e-01  6.80000000e-01  4.99841841e+00  6.80000000e-01  7.73223891e-01 
 6.85000000e-01  6.85000000e-01  6.85000000e-01  4.99830024e+00  6.85000000e-01  7.73235444e-01 
 6.90000000e-01  6.90000000e-01  6.90000000e-01  4.99817322e+00  6.90000000e-01  7.73247863e-01 
 6.95000000e-01  6.95000000e-01  6.95000000e-01  4.99803669e+00  6.95000000e-01  7.73261212e-01 
 7.00000000e-01  7.00000000e-01  7.00000000e-01  4.99788995e+00  7.00000000e-01  7.73275561e-01 
 7.05000000e-01  7.05000000e-01  7.05000000e-01  4.99773224e+00  7.05000000e-01  7.73290984e-01 
 7.10000000e-01  7.10000000e-01  7.10000000e-01  4.99756276e+00  7.10000000e-01  7.73307560e-01 
 7.15000000e-01  7.15000000e-01  7.15000000e-01  4.99738065e+00  7.15000000e-01  7.73325373e-01 
 7.20000000e-01  7.20000000e-01  7.20000000e-01  4.99718498e+00  7.20000000e-01  7.73344513e-01 
 7.25000000e-01  7.25000000e-01  7.25000000e-01  4.99697480e+00  7.25000000e-01  7.73365077e-01 
 7.30000000e-01  7.30000000e-01  7.30000000e-01  4.99674904e+00  7.30000000e-01  7.73387166e-01 
 7.35000000e-01  7.35000000e-01  7.35000000e-01  4.99650662e+00  7.35000000e-01  7.73410888e-01 
 7.40000000e-01  7.40000000e-01  7.40000000e-01  4.99624637e+00  7.40000000e-01  7.73436360e-01 
 7.45000000e-01  7.45000000e-01  7.45000000e-01  4.99596703e+00  7.45000000e-01  7.73463703e-01 
 7.50000000e-01  7.50000000e-01  7.50000000e-01  4.99566731e+00  7.50000000e-01  7.73493046e-01 
 7.55000000e-01  7.55000000e-01  7.55000000e-01  4.99534581e+00  7.55000000e-01  7.73524527e-01 
 7.60000000e-01  7.60000000e-01  7.60000000e-01  4.99500108e+00  7.60000000e-01  7.73558289e-01 
 7.65000000e-01  7.65000000e-01  7.65000000e-01  4.99463158e+00  7.65000000e-01  7.73594484e-01 
 7.70000000e-01  7.70000000e-01  7.70000000e-01  4.99423568e+00  7.70000000e-01  7.73633272e-01 
 7.75000000e-01  7.75000000e-01  7.75000000e-01  4.99381171e+00  7.75000000e-01  7.73674822e-01 
 7.80000000e-01  7.80000000e-01  7.80000000e-01  4.99335787e+00  7.80000000e-01  7.73719308e-01 
 7.85000000e-01  7.85000000e-01  7.85000000e-01  4.99287232e+00  7.85000000e-01  7.73766915e-01 
 7.90000000e-01  7.90000000e-01  7.90000000e-01  4.99235311e+00  7.90000000e-01  7.73817836e-01 
 7.95000000e-01  7.95000000e-01  7.95000000e-01  4.99179824e+00  7.95000000e-01  7.73872272e-01 
 8.00000000e-01  8.00000000e-01  8.00000000e-01  4.99120561e+00  8.00000000e-01  7.73930430e-01 
 8.05000000e-01  8.05000000e-01  8.05000000e-01  4.99057305e+00  8.05000000e-01  7.73992528e-01 
 8.10000000e-01  8.10000000e-01  8.10000000e-01  4.98989830e+00  8.10000000e-01  7.74058790e-01 
 8.15000000e-01  8.15000000e-01  8.15000000e-01  4.98917906e+00  8.15000000e-01  7.74129450e-01 
 8.20000000e-01  8.20000000e-01  8.20000000e-01  4.98841293e+00  8.20000000e-01  7.74204748e-01 
 8.25000000e-01  8.25000000e-01  8.25000000e-01  4.98759744e+00  8.25000000e-01  7.74284931e-01 
 8.30000000e-01  8.30000000e-01  8.30000000e-01  4.98673009e+00  8.30000000e-01  7.74370253e-01 
 8.35000000e-01  8.35000000e-01  8.35000000e-01  4.98580829e+00  8.35000000e-01  7.74460976e-01 
 8.40000000e-01  8.40000000e-01  8.40000000e-01  4.98482940e+00  8.40000000e-01  7.74557369e-01 
 8.45000000e-01  8.45000000e-01  8.45000000e-01  4.98379075e+00  8.45000000e-01  7.74659703e-01 
 8.50000000e-01  8.50000000e-01  8.50000000e-01  4.98268961e+00  8.50000000e-01  7.74768260e-01 
 8.55000000e-01  8.55000000e-01  8.55000000e-01  4.98152321e+00  8.55000000e-01  7.74883322e-01 
 8.60000000e-01  8.60000000e-01  8.60000000e-01  4.98028875e+00  8.60000000e-01  7.75005178e-01 
 8.65000000e-01  8.65000000e-01  8.65000000e-01  4.97898342e+00  8.65000000e-01  7.75134122e-01 
 8.70000000e-01  8.70000000e-01  8.70000000e-01  4.97760437e+00  8.70000000e-01  7.75270448e-01 
 8.75000000e-01  8.75000000e-01  8.75000000e-01  4.97614875e+00  8.75000000e-01  7.75414458e-01 
 8.80000000e-01  8.80000000e-01  8.80000000e-01  4.97461370e+00  8.80000000e-01  7.75566451e-01 
 8.85000000e-01  8.85000000e-01  8.85000000e-01  4.97299637e+00  8.85000000e-01  7.75726731e-01 
 8.90000000e-01  8.90000000e-01  8.90000000e-01  4.97129392e+00  8.90000000e-01  7.75895603e-01 
 8.95000000e-01  8.95000000e-01  8.95000000e-01  4.96950351e+00  8.95000000e-01  7.76073373e-01 
 9.00000000e-01  9.00000000e-01  9.00000000e-01  4.96762234e+00  9.00000000e-01  7.76260344e-01 
 9.05000000e-01  9.05000000e-01  9.05000000e-01  4.96564763e+00  9.05000000e-01  7.76456823e-01 
 9.10000000e-01  9.10000000e-01  9.10000000e-01  4.96357664e+00  9.10000000e-01  7.76663114e-01 
 9.15000000e-01  9.15000000e-01  9.15000000e-01  4.96140667e+00  9.15000000e-01  7.76879519e-01 
 9.20000000e-01  9.20000000e-01  9.20000000e-01  4.95913508e+00  9.20000000e-01  7.77106339e-01 
 9.25000000e-01  9.25000000e-01  9.25000000e-01  4.95675927e+00  9.25000000e-01  7.77343873e-01 
 9.30000000e-01  9.30000000e-01  9.30000000e-01  4.95427670e+00  9.30000000e-01  7.77592417e-01 
 9.35000000e-01  9.35000000e-01  9.35000000e-01  4.95168490e+00  9.35000000e-01  7.77852263e-01 
 9.40000000e-01  9.40000000e-01  9.40000000e-01  4.94898147e+00  9.40000000e-01  7.78123703e-01 
 9.45000000e-01  9.45000000e-01  9.45000000e-01  4.94616407e+00  9.45000000e-01  7.78407023e-01 
 9.50000000e-01  9.50000000e-01  9.50000000e-01  4.94323045e+00  9.50000000e-01  7.78702504e-01 
 9.55000000e-01  9.55000000e-01  9.55000000e-01  4.94017843e+00  9.55000000e-01  7.79010427e-01 
 9.60000000e-01  9.60000000e-01  9.60000000e-01  4.93700590e+00  9.60000000e-01  7.79331065e-01 
 9.65000000e-01  9.65000000e-01  9.65000000e-01  4.93371085e+00  9.65000000e-01  7.79664691e-01 
 9.70000000e-01  9.70000000e-01  9.70000000e-01  4.93029134e+00  9.70000000e-01  7.80011571e-01 
 9.75000000e-01  9.75000000e-01  9.75000000e-01  4.92674552e+00  9.75000000e-01  7.80371969e-01 
 9.80000000e-01  9.80000000e-01  9.80000000e-01  4.92307161e+00  9.80000000e-01  7.80746143e-01 
 9.85000000e-01  9.85000000e-01  9.85000000e-01  4.91926792e+00  9.85000000e-01  7.81134350e-01 
 9.90000000e-01  9.90000000e-01  9.90000000e-01  4.91533286e+00  9.90000000e-01  7.81536842e-01 
 9.95000000e-01  9.95000000e-01  9.95000000e-01  4.91126488e+00  9.95000000e-01  7.81953869e-01 
 1.00000000e+00  1.00000000e+00  1.00000000e+00  4.90706253e+00  1.00000000e+00  7.82385676e-01 
 1.00500000e+00  1.00500000e+00  1.00500000e+00  4.90272444e+00  1.00500000e+00  7.82832508e-01 
 1.01000000e+00  1.01000000e+00  1.01000000e+00  4.89824931e+00  1.01000000e+00  7.83294606e-01 
 1.01500000e+00  1.01500000e+00  1.01500000e+00  4.89363588e+00  1.01500000e+00  7.83772211e-01 
 1.02000000e+00  1.02000000e+00  1.02000000e+00  4.88888300e+00  1.02000000e+00  7.84265562e-01 
 1.02500000e+00  1.02500000e+00  1.02500000e+00  4.88398955e+00  1.02500000e+00  7.84774896e-01 
 1.03000000e+00  1.03000000e+00  1.03000000e+00  4.87895447e+00  1.03000000e+00  7.85300453e-01 
 1.03500000e+00  1.03500000e+00  1.03500000e+00  4.87377676e+00  1.03500000e+00  7.85842470e-01 
 1.04000000e+00  1.04000000e+00  1.04000000e+00  4.86845547e+00  1.04000000e+00  7.86401187e-01 
 1.04500000e+00  1.04500000e+00  1.04500000e+00  4.86298967e+00  1.04500000e+00  7.86976846e-01 
 1.05000000e+00  1.05000000e+00  1.05000000e+00  4.85737850e+00  1.05000000e+00  7.87569690e-01 
 1.05500000e+00  1.05500000e+00  1.05500000e+00  4.85162110e+00  1.05500000e+00  7.88179966e-01 
 1.06000000e+00  1.06000000e+00  1.06000000e+00  4.84571667e+00  1.06000000e+00  7.88807925e-01 
 1.06500000e+00  1.06500000e+00  1.06500000e+00  4.83966439e+00  1.06500000e+00  7.89453821e-01 
 1.07000000e+00  1.07000000e+00  1.07000000e+00  4.83346348e+00  1.07000000e+00  7.90117914e-01 
 1.07500000e+00  1.07500000e+00  1.07500000e+00  4.82711318e+00  1.07500000e+00  7.90800472e-01 
 1.08000000e+00  1.08000000e+00  1.08000000e+00  4.82061270e+00  1.08000000e+00  7.91501768e-01 
 1.08500000e+00  1.08500000e+00  1.08500000e+00  4.81396129e+00  1.08500000e+00  7.92222082e-01 
 1.09000000e+00  1.09000000e+00  1.09000000e+00  4.80715814e+00  1.09000000e+00  7.92961704e-01 
 1.09500000e+00  1.09500000e+00  1.09500000e+00  4.80020248e+00  1.09500000e+00  7.93720934e-01 
 1.10000000e+00  1.10000000e+00  1.10000000e+00  4.79309348e+00  1.10000000e+00  7.94500081e-01 
 1.10500000e+00  1.10500000e+00  1.10500000e+00  4.78583030e+00  1.10500000e+00  7.95299467e-01 
 1.11000000e+00  1.11000000e+00  1.11000000e+00  4.77841208e+00  1.11000000e+00  7.96119426e-01 
 1.11500000e+00  1.11500000e+00  1.11500000e+00  4.77083790e+00  1.11500000e+00  7.96960303e-01 
 1.12000000e+00  1.12000000e+00  1.12000000e+00  4.76310681e+00  1.12000000e+00  7.97822461e-01 
 1.12500000e+00  1.12500000e+00  1.12500000e+00  4.75521781e+00  1.12500000e+00  7.98706278e-01 
 1.13000000e+00  1.13000000e+00  1.13000000e+00  4.74716984e+00  1.13000000e+00  7.99612146e-01 
 1.13500000e+00  1.13500000e+00  1.13500000e+00  4.73896178e+00  1.13500000e+00  8.00540478e-01 
 1.14000000e+00  1.14000000e+00  1.14000000e+00  4.73059246e+00  1.14000000e+00  8.01491705e-01 
 1.14500000e+00  1.14500000e+00  1.14500000e+00  4.72206061e+00  1.14500000e+00  8.02466278e-01 
 1.15000000e+00  1.15000000e+00  1.15000000e+00  4.71336489e+00  1.15000000e+00  8.03464671e-01 
 1.15500000e+00  1.15500000e+00  1.15500000e+00  4.70450389e+00  1.15500000e+00  8.04487381e-01 
 1.16000000e+00  1.16000000e+00  1.16000000e+00  4.69547610e+00  1.16000000e+00  8.05534928e-01 
 1.16500000e+00  1.16500000e+00  1.16500000e+00  4.68627989e+00  1.16500000e+00  8.06607863e-01 
 1.17000000e+00  1.17000000e+00  1.17000000e+00  4.67691357e+00  1.17000000e+00  8.07706759e-01 
 1.17500000e+00  1.17500000e+00  1.17500000e+00  4.66737529e+00  1.17500000e+00  8.08832224e-01 
 1.18000000e+00  1.18000000e+00  1.18000000e+00  4.65766312e+00  1.18000000e+00  8.09984895e-01 
 1.18500000e+00  1.18500000e+00  1.18500000e+00  4.64777498e+00  1.18500000e+00  8.11165444e-01 
 1.19000000e+00  1.19000000e+00  1.19000000e+00  4.63770867e+00  1.19000000e+00  8.12374580e-01 
 1.19500000e+00  1.19500000e+00  1.19500000e+00  4.62746184e+00  1.19500000e+00  8.13613048e-01 
 1.20000000e+00  1.20000000e+00  1.20000000e+00  4.61703200e+00  1.20000000e+00  8.14881637e-01 
 1.20500000e+00  1.20500000e+00  1.20500000e+00  4.60641650e+00  1.20500000e+00  8.16181176e-01 
 1.21000000e+00  1.21000000e+00  1.21000000e+00  4.59561251e+00  1.21000000e+00  8.17512544e-01 
 1.21500000e+00  1.21500000e+00  1.21500000e+00  4.58461703e+00  1.21500000e+00  8.18876668e-01 
 1.22000000e+00  1.22000000e+00  1.22000000e+00  4.57342687e+00  1.22000000e+00  8.20274529e-01 
 1.22500000e+00  1.22500000e+00  1.22500000e+00  4.56203866e+00  1.22500000e+00  8.21707165e-01 
 1.23000000e+00  1.23000000e+00  1.23000000e+00  4.55044878e+00  1.23000000e+00  8.23175674e-01 
 1.23500000e+00  1.23500000e+00  1.23500000e+00  4.53865341e+00  1.23500000e+00  8.24681220e-01 
 1.24000000e+00  1.24000000e+00  1.24000000e+00  4.52664848e+00  1.24000000e+00  8.26225039e-01 
 1.24500000e+00  1.24500000e+00  1.24500000e+00  4.51442969e+00  1.24500000e+00  8.27808439e-01 
 1.25000000e+00  1.25000000e+00  1.25000000e+00  4.50199244e+00  1.25000000e+00  8.29432813e-01 
 1.25500000e+00  1.25500000e+00  1.25500000e+00  4.48933185e+00  1.25500000e+00  8.31099640e-01 
 1.26000000e+00  1.26000000e+00  1.26000000e+00  4.47644273e+00  1.26000000e+00  8.32810496e-01 
 1.26500000e+00  1.26500000e+00  1.26500000e+00  4.46331957e+00  1.26500000e+00  8.34567057e-01 
 1.27000000e+00  1.27000000e+00  1.27000000e+00  4.44995650e+00  1.27000000e+00  8.36371113e-01 
 1.27500000e+00  1.27500000e+00  1.27500000e+00  4.43634726e+00  1.27500000e+00  8.38224576e-01 
 1.28000000e+00  1.28000000e+00  1.28000000e+00  4.42248521e+00  1.28000000e+00  8.40129491e-01 
 1.28500000e+00  1.28500000e+00  1.28500000e+00  4.40836323e+00  1.28500000e+00  8.42088045e-01 
 1.29000000e+00  1.29000000e+00  1.29000000e+00  4.39397377e+00  1.29000000e+00  8.44102590e-01 
 1.29500000e+00  1.29500000e+00  1.29500000e+00  4.37930873e+00  1.29500000e+00  8.46175650e-01 
 1.30000000e+00  1.30000000e+00  1.30000000e+00  4.36435948e+00  1.30000000e+00  8.48309945e-01 
 1.30500000e+00  1.30500000e+00  1.30500000e+00  4.34911678e+00  1.30500000e+00  8.50508411e-01 
 1.31000000e+00  1.31000000e+00  1.31000000e+00  4.33357072e+00  1.31000000e+00  8.52774225e-01 
 1.31500000e+00  1.31500000e+00  1.31500000e+00  4.31771068e+00  1.31500000e+00  8.55110834e-01 
 1.32000000e+00  1.32000000e+00  1.32000000e+00  4.30152527e+00  1.32000000e+00  8.57521994e-01 
 1.32500000e+00  1.32500000e+00  1.32500000e+00  4.28500223e+00  1.32500000e+00  8.60011803e-01 
 1.33000000e+00  1.33000000e+00  1.33000000e+00  4.26812833e+00  1.33000000e+00  8.62584760e-01 
 1.33500000e+00  1.33500000e+00  1.33500000e+00  4.25088933e+00  1.33500000e+00  8.65245812e-01 
 1.34000000e+00  1.34000000e+00  1.34000000e+00  4.23326981e+00  1.34000000e+00  8.68000430e-01 
 1.34500000e+00  1.34500000e+00  1.34500000e+00  4.21525308e+00  1.34500000e+00  8.70854685e-01 
 1.35000000e+00  1.35000000e+00  1.35000000e+00  4.19682100e+00  1.35000000e+00  8.73815339e-01 
 1.35500000e+00  1.35500000e+00  1.35500000e+00  4.17795386e+00  1.35500000e+00  8.76889949e-01 
 1.36000000e+00  1.36000000e+00  1.36000000e+00  4.15863010e+00  1.36000000e+00  8.80086981e-01 
 1.36500000e+00  1.36500000e+00  1.36500000e+00  4.13882619e+00  1.36500000e+00  8.83415941e-01 
 1.37000000e+00  1.37000000e+00  1.37000000e+00  4.11851627e+00  1.37000000e+00  8.86887507e-01 
 1.37500000e+00  1.37500000e+00  1.37500000e+00  4.09767187e+00  1.37500000e+00  8.90513685e-01 
 1.38000000e+00  1.38000000e+00  1.38000000e+00  4.07626155e+00  1.38000000e+00  8.94307971e-01 
 1.38500000e+00  1.38500000e+00  1.38500000e+00  4.05425042e+00  1.38500000e+00  8.98285533e-01 
 1.39000000e+00  1.39000000e+00  1.39000000e+00  4.03159966e+00  1.39000000e+00  9.02463432e-01 
 1.39500000e+00  1.39500000e+00  1.39500000e+00  4.00826579e+00  1.39500000e+00  9.06860878e-01 
 1.40000000e+00  1.40000000e+00  1.40000000e+00  3.98419999e+00  1.40000000e+00  9.11499566e-01 
 1.40500000e+00  1.40500000e+00  1.40500000e+00  3.95934705e+00  1.40500000e+00  9.16404101e-01 
 1.41000000e+00  1.41000000e+00  1.41000000e+00  3.93364422e+00  1.41000000e+00  9.21602558e-01 
 1.41500000e+00  1.41500000e+00  1.41500000e+00  3.90701972e+00  1.41500000e+00  9.27127227e-01 
 1.42000000e+00  1.42000000e+00  1.42000000e+00  3.87939089e+00  1.42000000e+00  9.33015586e-01 
 1.42500000e+00  1.42500000e+00  1.42500000e+00  3.85066179e+00  1.42500000e+00  9.39311597e-01 
 1.43000000e+00  1.43000000e+00  1.43000000e+00  3.82072021e+00  1.43000000e+00  9.46067422e-01 
 1.43500000e+00  1.43500000e+00  1.43500000e+00  3.78943373e+00  1.43500000e+00  9.53345710e-01 
 1.44000000e+00  1.44000000e+00  1.44000000e+00  3.75664475e+00  1.44000000e+00  9.61222678e-01 
 1.44500000e+00  1.44500000e+00  1.44500000e+00  3.72216406e+00  1.44500000e+00  9.69792258e-01 
 1.45000000e+00  1.45000000e+00  1.45000000e+00  3.68576293e+00  1.45000000e+00  9.79171712e-01 
 1.45500000e+00  1.45500000e+00  1.45500000e+00  3.64716405e+00  1.45500000e+00  9.89509080e-01 
 1.46000000e+00  1.46000000e+00  1.46000000e+00  3.60603419e+00  1.46000000e+00  1.00099242e+00 
 1.46500000e+00  1.46500000e+00  1.46500000e+00  3.56198847e+00  1.46500000e+00  1.01385868e+00 
 1.47000000e+00  1.47000000e+00  1.47000000e+00  3.51464059e+00  1.47000000e+00  1.02839170e+00 
 1.47500000e+00  1.47500000e+00  1.47500000e+00  3.46379974e+00  1.47500000e+00  1.04487548e+00 
 1.48000000e+00  1.48000000e+00  1.48000000e+00  3.41010359e+00  1.48000000e+00  1.06334991e+00 
 1.48500000e+00  1.48500000e+00  1.48500000e+00  3.35608473e+00  1.48500000e+00  1.08316284e+00 
 1.49000000e+00  1.49000000e+00  1.49000000e+00  3.30614661e+00  1.49000000e+00  1.10267874e+00 
 1.49500000e+00  1.49500000e+00  1.49500000e+00  3.26361530e+00  1.49500000e+00  1.12030620e+00 
 1.50000000e+00  1.50000000e+00  1.50000000e+00  3.22843409e+00  1.50000000e+00  1.13564895e+00 
 1.50500000e+00  1.50500000e+00  1.50500000e+00  3.19899934e+00  1.50500000e+00  1.14905134e+00 
 1.51000000e+00  1.51000000e+00  1.51000000e+00  3.17401832e+00  1.51000000e+00  1.16087375e+00 
 1.51500000e+00  1.51500000e+00  1.51500000e+00  3.15218171e+00  1.51500000e+00  1.17155790e+00 
 1.52000000e+00  1.52000000e+00  1.52000000e+00  3.13268410e+00  1.52000000e+00  1.18138734e+00 
 1.52500000e+00  1.52500000e+00  1.52500000e+00  3.11498351e+00  1.52500000e+00  1.19055961e+00 
 1.53000000e+00  1.53000000e+00  1.53000000e+00  3.09869348e+00  1.53000000e+00  1.19921977e+00 
 1.53500000e+00  1.53500000e+00  1.53500000e+00  3.08353327e+00  1.53500000e+00  1.20747572e+00 
 1.54000000e+00  1.54000000e+00  1.54000000e+00  3.06929440e+00  1.54000000e+00  1.21540921e+00 
 1.54500000e+00  1.54500000e+00  1.54500000e+00  3.05581860e+00  1.54500000e+00  1.22308347e+00 
 1.55000000e+00  1.55000000e+00  1.55000000e+00  3.04298330e+00  1.55000000e+00  1.23054832e+00 
 1.55500000e+00  1.55500000e+00  1.55500000e+00  3.03069190e+00  1.55500000e+00  1.23784371e+00 
 1.56000000e+00  1.56000000e+00  1.56000000e+00  3.01886701e+00  1.56000000e+00  1.24500212e+00 
 1.56500000e+00  1.56500000e+00  1.56500000e+00  3.00744582e+00  1.56500000e+00  1.25205040e+00 
 1.57000000e+00  1.57000000e+00  1.57000000e+00  2.99637667e+00  1.57000000e+00  1.25901095e+00 
 1.57500000e+00  1.57500000e+00  1.57500000e+00  2.98561665e+00  1.57500000e+00  1.26590270e+00 
 1.58000000e+00  1.58000000e+00  1.58000000e+00  2.97512971e+00  1.58000000e+00  1.27274177e+00 
 1.58500000e+00  1.58500000e+00  1.58500000e+00  2.96488536e+00  1.58500000e+00  1.27954202e+00 
 1.59000000e+00  1.59000000e+00  1.59000000e+00  2.95485757e+00  1.59000000e+00  1.28631541e+00 
 1.59500000e+00  1.59500000e+00  1.59500000e+00  2.94502398e+00  1.59500000e+00  1.29307233e+00 
 1.60000000e+00  1.60000000e+00  1.60000000e+00  2.93536526e+00  1.60000000e+00  1.29982184e+00 
 1.60500000e+00  1.60500000e+00  1.60500000e+00  2.92586460e+00  1.60500000e+00  1.30657184e+00 
 1.61000000e+00  1.61000000e+00  1.61000000e+00  2.91650732e+00  1.61000000e+00  1.31332923e+00 
 1.61500000e+00  1.61500000e+00  1.61500000e+00  2.90728053e+00  1.61500000e+00  1.32010003e+00 
 1.62000000e+00  1.62000000e+00  1.62000000e+00  2.89817290e+00  1.62000000e+00  1.32688945e+00 
 1.62500000e+00  1.62500000e+00  1.62500000e+00  2.88917436e+00  1.62500000e+00  1.33370201e+00 
 1.63000000e+00  1.63000000e+00  1.63000000e+00  2.88027602e+00  1.63000000e+00  1.34054154e+00 
 1.63500000e+00  1.63500000e+00  1.63500000e+00  2.87146994e+00  1.63500000e+00  1.34741132e+00 
 1.64000000e+00  1.64000000e+00  1.64000000e+00  2.86274907e+00  1.64000000e+00  1.35431406e+00 
 1.64500000e+00  1.64500000e+00  1.64500000e+00  2.85410707e+00  1.64500000e+00  1.36125197e+00 
 1.65000000e+00  1.65000000e+00  1.65000000e+00  2.84553827e+00  1.65000000e+00  1.36822681e+00 
 1.65500000e+00  1.65500000e+00  1.65500000e+00  2.83703760e+00  1.65500000e+00  1.37523989e+00 
 1.66000000e+00  1.66000000e+00  1.66000000e+00  2.82860047e+00  1.66000000e+00  1.38229218e+00 
 1.66500000e+00  1.66500000e+00  1.66500000e+00  2.82022277e+00  1.66500000e+00  1.38938426e+00 
 1.67000000e+00  1.67000000e+00  1.67000000e+00  2.81190077e+00  1.67000000e+00  1.39651641e+00 
 1.67500000e+00  1.67500000e+00  1.67500000e+00  2.80363114e+00  1.67500000e+00  1.40368865e+00 
 1.68000000e+00  1.68000000e+00  1.68000000e+00  2.79541082e+00  1.68000000e+00  1.41090072e+00 
 1.68500000e+00  1.68500000e+00  1.68500000e+00  2.78723708e+00  1.68500000e+00  1.41815217e+00 
 1.69000000e+00  1.69000000e+00  1.69000000e+00  2.77910743e+00  1.69000000e+00  1.42544236e+00 
 1.69500000e+00  1.69500000e+00  1.69500000e+00  2.77101962e+00  1.69500000e+00  1.43277050e+00 
 1.70000000e+00  1.70000000e+00  1.70000000e+00  2.76297162e+00  1.70000000e+00  1.44013566e+00 
 1.70500000e+00  1.70500000e+00  1.70500000e+00  2.75496155e+00  1.70500000e+00  1.44753681e+00 
 1.71000000e+00  1.71000000e+00  1.71000000e+00  2.74698775e+00  1.71000000e+00  1.45497285e+00 
 1.71500000e+00  1.71500000e+00  1.71500000e+00  2.73904868e+00  1.71500000e+00  1.46244260e+00 
 1.72000000e+00  1.72000000e+00  1.72000000e+00  2.73114294e+00  1.72000000e+00  1.46994483e+00 
 1.72500000e+00  1.72500000e+00  1.72500000e+00  2.72326928e+00  1.72500000e+00  1.47747830e+00 
 1.73000000e+00  1.73000000e+00  1.73000000e+00  2.71542654e+00  1.73000000e+00  1.48504175e+00 
 1.73500000e+00  1.73500000e+00  1.73500000e+00  2.70761366e+00  1.73500000e+00  1.49263390e+00 
 1.74000000e+00  1.74000000e+00  1.74000000e+00  2.69982970e+00  1.74000000e+00  1.50025347e+00 
 1.74500000e+00  1.74500000e+00  1.74500000e+00  2.69207377e+00  1.74500000e+00  1.50789922e+00 
 1.75000000e+00  1.75000000e+00  1.75000000e+00  2.68434508e+00  1.75000000e+00  1.51556991e+00 
 1.75500000e+00  1.75500000e+00  1.75500000e+00  2.67664289e+00  1.75500000e+00  1.52326432e+00 
 1.76000000e+00  1.76000000e+00  1.76000000e+00  2.66896654e+00  1.76000000e+00  1.53098126e+00 
 1.76500000e+00  1.76500000e+00  1.76500000e+00  2.66131541e+00  1.76500000e+00  1.53871959e+00 
 1.77000000e+00  1.77000000e+00  1.77000000e+00  2.65368893e+00  1.77000000e+00  1.54647818e+00 
 1.77500000e+00  1.77500000e+00  1.77500000e+00  2.64608660e+00  1.77500000e+00  1.55425595e+00 
 1.78000000e+00  1.78000000e+00  1.78000000e+00  2.63850794e+00  1.78000000e+00  1.56205186e+00 
 1.78500000e+00  1.78500000e+00  1.78500000e+00  2.63095249e+00  1.78500000e+00  1.56986489e+00 
 1.79000000e+00  1.79000000e+00  1.79000000e+00  2.62341986e+00  1.79000000e+00  1.57769409e+00 
 1.79500000e+00  1.79500000e+00  1.79500000e+00  2.61590967e+00  1.79500000e+00  1.58553852e+00 
 1.80000000e+00  1.80000000e+00  1.80000000e+00  2.60842157e+00  1.80000000e+00  1.59339730e+00 
 1.80500000e+00  1.80500000e+00  1.80500000e+00  2.60095522e+00  1.80500000e+00  1.60126958e+00 
 1.81000000e+00  1.81000000e+00  1.81000000e+00  2.59351033e+00  1.81000000e+00  1.60915454e+00 
 1.81500000e+00  1.81500000e+00  1.81500000e+00  2.58608661e+00  1.81500000e+00  1.61705143e+00 
 1.82000000e+00  1.82000000e+00  1.82000000e+00  2.57868380e+00  1.82000000e+00  1.62495950e+00 
 1.82500000e+00  1.82500000e+00  1.82500000e+00  2.57130163e+00  1.82500000e+00  1.63287805e+00 
 1.83000000e+00  1.83000000e+00  1.83000000e+00  2.56393987e+00  1.83000000e+00  1.64080642e+00 
 1.83500000e+00  1.83500000e+00  1.83500000e+00  2.55659829e+00  1.83500000e+00  1.64874398e+00 
 1.84000000e+00  1.84000000e+00  1.84000000e+00  2.54927667e+00  1.84000000e+00  1.65669015e+00 
 1.84500000e+00  1.84500000e+00  1.84500000e+00  2.54197482e+00  1.84500000e+00  1.66464434e+00 
 1.85000000e+00  1.85000000e+00  1.85000000e+00  2.53469253e+00  1.85000000e+00  1.67260604e+00 
 1.85500000e+00  1.85500000e+00  1.85500000e+00  2.52742961e+00  1.85500000e+00  1.68057475e+00 
 1.86000000e+00  1.86000000e+00  1.86000000e+00  2.52018589e+00  1.86000000e+00  1.68854998e+00 
 1.86500000e+00  1.86500000e+00  1.86500000e+00  2.51296118e+00  1.86500000e+00  1.69653130e+00 
 1.87000000e+00  1.87000000e+00  1.87000000e+00  2.50575531e+00  1.87000000e+00  1.70451829e+00 
 1.87500000e+00  1.87500000e+00  1.87500000e+00  2.49856811e+00  1.87500000e+00  1.71251056e+00 
 1.88000000e+00  1.88000000e+00  1.88000000e+00  2.49139943e+00  1.88000000e+00  1.72050774e+00 
 1.88500000e+00  1.88500000e+00  1.88500000e+00  2.48424911e+00  1.88500000e+00  1.72850950e+00 
 1.89000000e+00  1.89000000e+00  1.89000000e+00  2.47711699e+00  1.89000000e+00  1.73651552e+00 
 1.89500000e+00  1.89500000e+00  1.89500000e+00  2.47000293e+00  1.89500000e+00  1.74452549e+00 
 1.90000000e+00  1.90000000e+00  1.90000000e+00  2.46290676e+00  1.90000000e+00  1.75253916e+00 
 1.90500000e+00  1.90500000e+00  1.90500000e+00  2.45582835e+00  1.90500000e+00  1.76055626e+00 
 1.91000000e+00  1.91000000e+00  1.91000000e+00  2.44876755e+00  1.91000000e+00  1.76857656e+00 
 1.91500000e+00  1.91500000e+00  1.91500000e+00  2.44172422e+00  1.91500000e+00  1.77659984e+00 
 1.92000000e+00  1.92000000e+00  1.92000000e+00  2.43469822e+00  1.92000000e+00  1.78462592e+00 
 1.92500000e+00  1.92500000e+00  1.92500000e+00  2.42768940e+00  1.92500000e+00  1.79265461e+00 
 1.93000000e+00  1.93000000e+00  1.93000000e+00  2.42069764e+00  1.93000000e+00  1.80068574e+00 
 1.93500000e+00  1.93500000e+00  1.93500000e+00  2.41372280e+00  1.93500000e+00  1.80871918e+00 
 1.94000000e+00  1.94000000e+00  1.94000000e+00  2.40676474e+00  1.94000000e+00  1.81675479e+00 
 1.94500000e+00  1.94500000e+00  1.94500000e+00  2.39982332e+00  1.94500000e+00  1.82479245e+00 
 1.95000000e+00  1.95000000e+00  1.95000000e+00  2.39289843e+00  1.95000000e+00  1.83283207e+00 
 1.95500000e+00  1.95500000e+00  1.95500000e+00  2.38598992e+00  1.95500000e+00  1.84087354e+00 
 1.96000000e+00  1.96000000e+00  1.96000000e+00  2.37909766e+00  1.96000000e+00  1.84891681e+00 
 1.96500000e+00  1.96500000e+00  1.96500000e+00  2.37222154e+00  1.96500000e+00  1.85696179e+00 
 1.97000000e+00  1.97000000e+00  1.97000000e+00  2.36536141e+00  1.97000000e+00  1.86500845e+00 
 1.97500000e+00  1.97500000e+00  1.97500000e+00  2.35851716e+00  1.97500000e+00  1.87305673e+00 
 1.98000000e+00  1.98000000e+00  1.98000000e+00  2.35168865e+00  1.98000000e+00  1.88110662e+00 
 1.98500000e+00  1.98500000e+00  1.98500000e+00  2.34487577e+00  1.98500000e+00  1.88915808e+00 
 1.99000000e+00  1.99000000e+00  1.99000000e+00  2.33807838e+00  1.99000000e+00  1.89721110e+00 
 1.99500000e+00  1.99500000e+00  1.99500000e+00  2.33129638e+00  1.99500000e+00  1.90526570e+00 
 2.00000000e+00  2.00000000e+00  2.00000000e+00  2.32452963e+00  2.00000000e+00  1.91332186e+00 
 2.00500000e+00  2.00500000e+00  2.00500000e+00  2.31777802e+00  2.00500000e+00  1.92137962e+00 
 2.01000000e+00  2.01000000e+00  2.01000000e+00  2.31104142e+00  2.01000000e+00  1.92943899e+00 
 2.01500000e+00  2.01500000e+00  2.01500000e+00  2.30431972e+00  2.01500000e+00  1.93750001e+00 
 2.02000000e+00  2.02000000e+00  2.02000000e+00  2.29761281e+00  2.02000000e+00  1.94556271e+00 
 2.02500000e+00  2.02500000e+00  2.02500000e+00  2.29092057e+00  2.02500000e+00  1.95362715e+00 
 2.03000000e+00  2.03000000e+00  2.03000000e+00  2.28424287e+00  2.03000000e+00  1.96169337e+00 
 2.03500000e+00  2.03500000e+00  2.03500000e+00  2.27757962e+00  2.03500000e+00  1.96976145e+00 
 2.04000000e+00  2.04000000e+00  2.04000000e+00  2.27093070e+00  2.04000000e+00  1.97783143e+00 
 2.04500000e+00  2.04500000e+00  2.04500000e+00  2.26429600e+00  2.04500000e+00  1.98590340e+00 
 2.05000000e+00  2.05000000e+00  2.05000000e+00  2.25767540e+00  2.05000000e+00  1.99397744e+00 
 2.05500000e+00  2.05500000e+00  2.05500000e+00  2.25106881e+00  2.05500000e+00  2.00205362e+00 
 2.06000000e+00  2.06000000e+00  2.06000000e+00  2.24447612e+00  2.06000000e+00  2.01013204e+00 
 2.06500000e+00  2.06500000e+00  2.06500000e+00  2.23789721e+00  2.06500000e+00  2.01821278e+00 
 2.07000000e+00  2.07000000e+00  2.07000000e+00  2.23133200e+00  2.07000000e+00  2.02629595e+00 
 2.07500000e+00  2.07500000e+00  2.07500000e+00  2.22478037e+00  2.07500000e+00  2.03438165e+00 
 2.08000000e+00  2.08000000e+00  2.08000000e+00  2.21824223e+00  2.08000000e+00  2.04246999e+00 
 2.08500000e+00  2.08500000e+00  2.08500000e+00  2.21171748e+00  2.08500000e+00  2.05056107e+00 
 2.09000000e+00  2.09000000e+00  2.09000000e+00  2.20520601e+00  2.09000000e+00  2.05865501e+00 
 2.09500000e+00  2.09500000e+00  2.09500000e+00  2.19870775e+00  2.09500000e+00  2.06675192e+00 
 2.10000000e+00  2.10000000e+00  2.10000000e+00  2.19222258e+00  2.10000000e+00  2.07485194e+00 
 2.10500000e+00  2.10500000e+00  2.10500000e+00  2.18575042e+00  2.10500000e+00  2.08295518e+00 
 2.11000000e+00  2.11000000e+00  2.11000000e+00  2.17929118e+00  2.11000000e+00  2.09106177e+00 
 2.11500000e+00  2.11500000e+00  2.11500000e+00  2.17284476e+00  2.11500000e+00  2.09917185e+00 
 2.12000000e+00  2.12000000e+00  2.12000000e+00  2.16641109e+00  2.12000000e+00  2.10728554e+00 
 2.12500000e+00  2.12500000e+00  2.12500000e+00  2.15999007e+00  2.12500000e+00  2.11540298e+00 
 2.13000000e+00  2.13000000e+00  2.13000000e+00  2.15358162e+00  2.13000000e+00  2.12352431e+00 
 2.13500000e+00  2.13500000e+00  2.13500000e+00  2.14718566e+00  2.13500000e+00  2.13164967e+00 
 2.14000000e+00  2.14000000e+00  2.14000000e+00  2.14080211e+00  2.14000000e+00  2.13977920e+00 
 2.14500000e+00  2.14500000e+00  2.14500000e+00  2.13443088e+00  2.14500000e+00  2.14791305e+00 
 2.15000000e+00  2.15000000e+00  2.15000000e+00  2.12807191e+00  2.15000000e+00  2.15605135e+00 
 2.15500000e+00  2.15500000e+00  2.15500000e+00  2.12172511e+00  2.15500000e+00  2.16419427e+00 
 2.16000000e+00  2.16000000e+00  2.16000000e+00  2.11539041e+00  2.16000000e+00  2.17234195e+00 
 2.16500000e+00  2.16500000e+00  2.16500000e+00  2.10906774e+00  2.16500000e+00  2.18049454e+00 
 2.17000000e+00  2.17000000e+00  2.17000000e+00  2.10275703e+00  2.17000000e+00  2.18865219e+00 
 2.17500000e+00  2.17500000e+00  2.17500000e+00  2.09645821e+00  2.17500000e+00  2.19681505e+00 
 2.18000000e+00  2.18000000e+00  2.18000000e+00  2.09017122e+00  2.18000000e+00  2.20498327e+00 
 2.18500000e+00  2.18500000e+00  2.18500000e+00  2.08389598e+00  2.18500000e+00  2.21315702e+00 
 2.19000000e+00  2.19000000e+00  2.19000000e+00  2.07763244e+00  2.19000000e+00  2.22133644e+00 
 2.19500000e+00  2.19500000e+00  2.19500000e+00  2.07138054e+00  2.19500000e+00  2.22952169e+00 
 2.20000000e+00  2.20000000e+00  2.20000000e+00  2.06514021e+00  2.20000000e+00  2.23771292e+00 
 2.20500000e+00  2.20500000e+00  2.20500000e+00  2.05891140e+00  2.20500000e+00  2.24591030e+00 
 2.21000000e+00  2.21000000e+00  2.21000000e+00  2.05269406e+00  2.21000000e+00  2.25411396e+00 
 2.21500000e+00  2.21500000e+00  2.21500000e+00  2.04648813e+00  2.21500000e+00  2.26232407e+00 
 2.22000000e+00  2.22000000e+00  2.22000000e+00  2.04029355e+00  2.22000000e+00  2.27054078e+00 
 2.22500000e+00  2.22500000e+00  2.22500000e+00  2.03411028e+00  2.22500000e+00  2.27876425e+00 
 2.23000000e+00  2.23000000e+00  2.23000000e+00  2.02793828e+00  2.23000000e+00  2.28699462e+00 
 2.23500000e+00  2.23500000e+00  2.23500000e+00  2.02177749e+00  2.23500000e+00  2.29523206e+00 
 2.24000000e+00  2.24000000e+00  2.24000000e+00  2.01562787e+00  2.24000000e+00  2.30347670e+00 
 2.24500000e+00  2.24500000e+00  2.24500000e+00  2.00948939e+00  2.24500000e+00  2.31172869e+00 
 2.25000000e+00  2.25000000e+00  2.25000000e+00  2.00336199e+00  2.25000000e+00  2.31998820e+00 
 2.25500000e+00  2.25500000e+00  2.25500000e+00  1.99724565e+00  2.25500000e+00  2.32825535e+00 
 2.26000000e+00  2.26000000e+00  2.26000000e+00  1.99114032e+00  2.26000000e+00  2.33653030e+00 
 2.26500000e+00  2.26500000e+00  2.26500000e+00  1.98504598e+00  2.26500000e+00  2.34481319e+00 
 2.27000000e+00  2.27000000e+00  2.27000000e+00  1.97896259e+00  2.27000000e+00  2.35310416e+00 
 2.27500000e+00  2.27500000e+00  2.27500000e+00  1.97289012e+00  2.27500000e+00  2.36140334e+00 
 2.28000000e+00  2.28000000e+00  2.28000000e+00  1.96682855e+00  2.28000000e+00  2.36971088e+00 
 2.28500000e+00  2.28500000e+00  2.28500000e+00  1.96077784e+00  2.28500000e+00  2.37802690e+00 
 2.29000000e+00  2.29000000e+00  2.29000000e+00  1.95473799e+00  2.29000000e+00  2.38635154e+00 
 2.29500000e+00  2.29500000e+00  2.29500000e+00  1.94870895e+00  2.29500000e+00  2.39468492e+00 
 2.30000000e+00  2.30000000e+00  2.30000000e+00  1.94269073e+00  2.30000000e+00  2.40302718e+00 
 2.30500000e+00  2.30500000e+00  2.30500000e+00  1.93668330e+00  2.30500000e+00  2.41137843e+00 
 2.31000000e+00  2.31000000e+00  2.31000000e+00  1.93068664e+00  2.31000000e+00  2.41973880e+00 
 2.31500000e+00  2.31500000e+00  2.31500000e+00  1.92470075e+00  2.31500000e+00  2.42810840e+00 
 2.32000000e+00  2.32000000e+00  2.32000000e+00  1.91872561e+00  2.32000000e+00  2.43648735e+00 
 2.32500000e+00  2.32500000e+00  2.32500000e+00  1.91276123e+00  2.32500000e+00  2.44487575e+00 
 2.33000000e+00  2.33000000e+00  2.33000000e+00  1.90680758e+00  2.33000000e+00  2.45327373e+00 
 2.33500000e+00  2.33500000e+00  2.33500000e+00  1.90086467e+00  2.33500000e+00  2.46168139e+00 
 2.34000000e+00  2.34000000e+00  2.34000000e+00  1.89493250e+00  2.34000000e+00  2.47009884e+00 
 2.34500000e+00  2.34500000e+00  2.34500000e+00  1.88901108e+00  2.34500000e+00  2.47852618e+00 
 2.35000000e+00  2.35000000e+00  2.35000000e+00  1.88310040e+00  2.35000000e+00  2.48696351e+00 
 2.35500000e+00  2.35500000e+00  2.35500000e+00  1.87720048e+00  2.35500000e+00  2.49541094e+00 
 2.36000000e+00  2.36000000e+00  2.36000000e+00  1.87131132e+00  2.36000000e+00  2.50386857e+00 
 2.36500000e+00  2.36500000e+00  2.36500000e+00  1.86543293e+00  2.36500000e+00  2.51233650e+00 
 2.37000000e+00  2.37000000e+00  2.37000000e+00  1.85956534e+00  2.37000000e+00  2.52081484e+00 
 2.37500000e+00  2.37500000e+00  2.37500000e+00  1.85370856e+00  2.37500000e+00  2.52930369e+00 
 2.38000000e+00  2.38000000e+00  2.38000000e+00  1.84786261e+00  2.38000000e+00  2.53780317e+00 
 2.38500000e+00  2.38500000e+00  2.38500000e+00  1.84202751e+00  2.38500000e+00  2.54631339e+00 
 2.39000000e+00  2.39000000e+00  2.39000000e+00  1.83620329e+00  2.39000000e+00  2.55483447e+00 
 2.39500000e+00  2.39500000e+00  2.39500000e+00  1.83038998e+00  2.39500000e+00  2.56336653e+00 
 2.40000000e+00  2.40000000e+00  2.40000000e+00  1.82458761e+00  2.40000000e+00  2.57190972e+00 
 2.40500000e+00  2.40500000e+00  2.40500000e+00  1.81879622e+00  2.40500000e+00  2.58046418e+00 
 2.41000000e+00  2.41000000e+00  2.41000000e+00  1.81301584e+00  2.41000000e+00  2.58903007e+00 
 2.41500000e+00  2.41500000e+00  2.41500000e+00  1.80724652e+00  2.41500000e+00  2.59760757e+00 
 2.42000000e+00  2.42000000e+00  2.42000000e+00  1.80148829e+00  2.42000000e+00  2.60619688e+00 
 2.42500000e+00  2.42500000e+00  2.42500000e+00  1.79574122e+00  2.42500000e+00  2.61479822e+00 
 2.43000000e+00  2.43000000e+00  2.43000000e+00  1.79000534e+00  2.43000000e+00  2.62341183e+00 
 2.43500000e+00  2.43500000e+00  2.43500000e+00  1.78428072e+00  2.43500000e+00  2.63203797e+00 
 2.44000000e+00  2.44000000e+00  2.44000000e+00  1.77856741e+00  2.44000000e+00  2.64067697e+00 
 2.44500000e+00  2.44500000e+00  2.44500000e+00  1.77286547e+00  2.44500000e+00  2.64932916e+00 
 2.45000000e+00  2.45000000e+00  2.45000000e+00  1.76717497e+00  2.45000000e+00  2.65799494e+00 
 2.45500000e+00  2.45500000e+00  2.45500000e+00  1.76149598e+00  2.45500000e+00  2.66667473e+00 
 2.46000000e+00  2.46000000e+00  2.46000000e+00  1.75582857e+00  2.46000000e+00  2.67536905e+00 
 2.46500000e+00  2.46500000e+00  2.46500000e+00  1.75017281e+00  2.46500000e+00  2.68407843e+00 
 2.47000000e+00  2.47000000e+00  2.47000000e+00  1.74452879e+00  2.47000000e+00  2.69280352e+00 
 2.47500000e+00  2.47500000e+00  2.47500000e+00  1.73889660e+00  2.47500000e+00  2.70154503e+00 
 2.48000000e+00  2.48000000e+00  2.48000000e+00  1.73327631e+00  2.48000000e+00  2.71030374e+00 
 2.48500000e+00  2.48500000e+00  2.48500000e+00  1.72766803e+00  2.48500000e+00  2.71908056e+00 
 2.49000000e+00  2.49000000e+00  2.49000000e+00  1.72207186e+00  2.49000000e+00  2.72787650e+00 
 2.49500000e+00  2.49500000e+00  2.49500000e+00  1.71648788e+00  2.49500000e+00  2.73669269e+00 
 2.50000000e+00  2.50000000e+00  2.50000000e+00  1.71091622e+00  2.50000000e+00  2.74553040e+00 
 2.50500000e+00  2.50500000e+00  2.50500000e+00  1.70535698e+00  2.50500000e+00  2.75439107e+00 
 2.51000000e+00  2.51000000e+00  2.51000000e+00  1.69981028e+00  2.51000000e+00  2.76327628e+00 
 2.51500000e+00  2.51500000e+00  2.51500000e+00  1.69427625e+00  2.51500000e+00  2.77218783e+00 
 2.52000000e+00  2.52000000e+00  2.52000000e+00  1.68875500e+00  2.52000000e+00  2.78112772e+00 
 2.52500000e+00  2.52500000e+00  2.52500000e+00  1.68324666e+00  2.52500000e+00  2.79009820e+00 
 2.53000000e+00  2.53000000e+00  2.53000000e+00  1.67775139e+00  2.53000000e+00  2.79910176e+00 
 2.53500000e+00  2.53500000e+00  2.53500000e+00  1.67226931e+00  2.53500000e+00  2.80814120e+00 
 2.54000000e+00  2.54000000e+00  2.54000000e+00  1.66680058e+00  2.54000000e+00  2.81721964e+00 
 2.54500000e+00  2.54500000e+00  2.54500000e+00  1.66134536e+00  2.54500000e+00  2.82634059e+00 
 2.55000000e+00  2.55000000e+00  2.55000000e+00  1.65590379e+00  2.55000000e+00  2.83550794e+00 
 2.55500000e+00  2.55500000e+00  2.55500000e+00  1.65047606e+00  2.55500000e+00  2.84472606e+00 
 2.56000000e+00  2.56000000e+00  2.56000000e+00  1.64506232e+00  2.56000000e+00  2.85399983e+00 
 2.56500000e+00  2.56500000e+00  2.56500000e+00  1.63966276e+00  2.56500000e+00  2.86333472e+00 
 2.57000000e+00  2.57000000e+00  2.57000000e+00  1.63427757e+00  2.57000000e+00  2.87273688e+00 
 2.57500000e+00  2.57500000e+00  2.57500000e+00  1.62890693e+00  2.57500000e+00  2.88221317e+00 
 2.58000000e+00  2.58000000e+00  2.58000000e+00  1.62355105e+00  2.58000000e+00  2.89177136e+00 
 2.58500000e+00  2.58500000e+00  2.58500000e+00  1.61821013e+00  2.58500000e+00  2.90142016e+00 
 2.59000000e+00  2.59000000e+00  2.59000000e+00  1.61288439e+00  2.59000000e+00  2.91116943e+00 
 2.59500000e+00  2.59500000e+00  2.59500000e+00  1.60757404e+00  2.59500000e+00  2.92103035e+00 
 2.60000000e+00  2.60000000e+00  2.60000000e+00  1.60227931e+00  2.60000000e+00  2.93101561e+00 
 2.60500000e+00  2.60500000e+00  2.60500000e+00  1.59700044e+00  2.60500000e+00  2.94113967e+00 
 2.61000000e+00  2.61000000e+00  2.61000000e+00  1.59173766e+00  2.61000000e+00  2.95141912e+00 
 2.61500000e+00  2.61500000e+00  2.61500000e+00  1.58649124e+00  2.61500000e+00  2.96187303e+00 
 2.62000000e+00  2.62000000e+00  2.62000000e+00  1.58126143e+00  2.62000000e+00  2.97252346e+00 
 2.62500000e+00  2.62500000e+00  2.62500000e+00  1.57604849e+00  2.62500000e+00  2.98339607e+00 
 2.63000000e+00  2.63000000e+00  2.63000000e+00  1.57085271e+00  2.63000000e+00  2.99452092e+00 
 2.63500000e+00  2.63500000e+00  2.63500000e+00  1.56567436e+00  2.63500000e+00  3.00593351e+00 
 2.64000000e+00  2.64000000e+00  2.64000000e+00  1.56051373e+00  2.64000000e+00  3.01767604e+00 
 2.64500000e+00  2.64500000e+00  2.64500000e+00  1.55537113e+00  2.64500000e+00  3.02979925e+00 
 2.65000000e+00  2.65000000e+00  2.65000000e+00  1.55024686e+00  2.65000000e+00  3.04236478e+00 
 2.65500000e+00  2.65500000e+00  2.65500000e+00  1.54514124e+00  2.65500000e+00  3.05544836e+00 
 2.66000000e+00  2.66000000e+00  2.66000000e+00  1.54005460e+00  2.66000000e+00  3.06914439e+00 
 2.66500000e+00  2.66500000e+00  2.66500000e+00  1.53498726e+00  2.66500000e+00  3.08357236e+00 
 2.67000000e+00  2.67000000e+00  2.67000000e+00  1.52993957e+00  2.67000000e+00  3.09888612e+00 
 2.67500000e+00  2.67500000e+00  2.67500000e+00  1.52491188e+00  2.67500000e+00  3.11528773e+00 
 2.68000000e+00  2.68000000e+00  2.68000000e+00  1.51990455e+00  2.68000000e+00  3.13304832e+00 
 2.68500000e+00  2.68500000e+00  2.68500000e+00  1.51491793e+00  2.68500000e+00  3.15254009e+00 
 2.69000000e+00  2.69000000e+00  2.69000000e+00  1.50995241e+00  2.69000000e+00  3.17428562e+00 
 2.69500000e+00  2.69500000e+00  2.69500000e+00  1.50500837e+00  2.69500000e+00  3.19903049e+00 
 2.70000000e+00  2.70000000e+00  2.70000000e+00  1.50008618e+00  2.70000000e+00  3.22783335e+00 
 2.70500000e+00  2.70500000e+00  2.70500000e+00  1.49518626e+00  2.70500000e+00  3.26217994e+00 
 2.71000000e+00  2.71000000e+00  2.71000000e+00  1.49030898e+00  2.71000000e+00  3.30332138e+00 
 2.71500000e+00  2.71500000e+00  2.71500000e+00  1.48545477e+00  2.71500000e+00  3.35130610e+00 
 2.72000000e+00  2.72000000e+00  2.72000000e+00  1.48062402e+00  2.72000000e+00  3.40330017e+00 
 2.72500000e+00  2.72500000e+00  2.72500000e+00  1.47581717e+00  2.72500000e+00  3.45518199e+00 
 2.73000000e+00  2.73000000e+00  2.73000000e+00  1.47103461e+00  2.73000000e+00  3.50440294e+00 
 2.73500000e+00  2.73500000e+00  2.73500000e+00  1.46627678e+00  2.73500000e+00  3.55022712e+00 
 2.74000000e+00  2.74000000e+00  2.74000000e+00  1.46154409e+00  2.74000000e+00  3.59276469e+00 
 2.74500000e+00  2.74500000e+00  2.74500000e+00  1.45683697e+00  2.74500000e+00  3.63236892e+00 
 2.75000000e+00  2.75000000e+00  2.75000000e+00  1.45215584e+00  2.75000000e+00  3.66940958e+00 
 2.75500000e+00  2.75500000e+00  2.75500000e+00  1.44750112e+00  2.75500000e+00  3.70421258e+00 
 2.76000000e+00  2.76000000e+00  2.76000000e+00  1.44287324e+00  2.76000000e+00  3.73705170e+00 
 2.76500000e+00  2.76500000e+00  2.76500000e+00  1.43827260e+00  2.76500000e+00  3.76815418e+00 
 2.77000000e+00  2.77000000e+00  2.77000000e+00  1.43369961e+00  2.77000000e+00  3.79770873e+00 
 2.77500000e+00  2.77500000e+00  2.77500000e+00  1.42915469e+00  2.77500000e+00  3.82587307e+00 
 2.78000000e+00  2.78000000e+00  2.78000000e+00  1.42463821e+00  2.78000000e+00  3.85278003e+00 
 2.78500000e+00  2.78500000e+00  2.78500000e+00  1.42015057e+00  2.78500000e+00  3.87854249e+00 
 2.79000000e+00  2.79000000e+00  2.79000000e+00  1.41569214e+00  2.79000000e+00  3.90325714e+00 
 2.79500000e+00  2.79500000e+00  2.79500000e+00  1.41126328e+00  2.79500000e+00  3.92700753e+00 
 2.80000000e+00  2.80000000e+00  2.80000000e+00  1.40686434e+00  2.80000000e+00  3.94986637e+00 
 2.80500000e+00  2.80500000e+00  2.80500000e+00  1.40249564e+00  2.80500000e+00  3.97189738e+00 
 2.81000000e+00  2.81000000e+00  2.81000000e+00  1.39815750e+00  2.81000000e+00  3.99315680e+00 
 2.81500000e+00  2.81500000e+00  2.81500000e+00  1.39385021e+00  2.81500000e+00  4.01369458e+00 
 2.82000000e+00  2.82000000e+00  2.82000000e+00  1.38957405e+00  2.82000000e+00  4.03355529e+00 
 2.82500000e+00  2.82500000e+00  2.82500000e+00  1.38532926e+00  2.82500000e+00  4.05277897e+00 
 2.83000000e+00  2.83000000e+00  2.83000000e+00  1.38111608e+00  2.83000000e+00  4.07140172e+00 
 2.83500000e+00  2.83500000e+00  2.83500000e+00  1.37693472e+00  2.83500000e+00  4.08945626e+00 
 2.84000000e+00  2.84000000e+00  2.84000000e+00  1.37278534e+00  2.84000000e+00  4.10697240e+00 
 2.84500000e+00  2.84500000e+00  2.84500000e+00  1.36866812e+00  2.84500000e+00  4.12397735e+00 
 2.85000000e+00  2.85000000e+00  2.85000000e+00  1.36458318e+00  2.85000000e+00  4.14049611e+00 
 2.85500000e+00  2.85500000e+00  2.85500000e+00  1.36053062e+00  2.85500000e+00  4.15655166e+00 
 2.86000000e+00  2.86000000e+00  2.86000000e+00  1.35651052e+00  2.86000000e+00  4.17216526e+00 
 2.86500000e+00  2.86500000e+00  2.86500000e+00  1.35252293e+00  2.86500000e+00  4.18735660e+00 
 2.87000000e+00  2.87000000e+00  2.87000000e+00  1.34856787e+00  2.87000000e+00  4.20214398e+00 
 2.87500000e+00  2.87500000e+00  2.87500000e+00  1.34464535e+00  2.87500000e+00  4.21654446e+00 
 2.88000000e+00  2.88000000e+00  2.88000000e+00  1.34075534e+00  2.88000000e+00  4.23057397e+00 
 2.88500000e+00  2.88500000e+00  2.88500000e+00  1.33689777e+00  2.88500000e+00  4.24424743e+00 
 2.89000000e+00  2.89000000e+00  2.89000000e+00  1.33307259e+00  2.89000000e+00  4.25757886e+00 
 2.89500000e+00  2.89500000e+00  2.89500000e+00  1.32927967e+00  2.89500000e+00  4.27058143e+00 
 2.90000000e+00  2.90000000e+00  2.90000000e+00  1.32551891e+00  2.90000000e+00  4.28326756e+00 
 2.90500000e+00  2.90500000e+00  2.90500000e+00  1.32179016e+00  2.90500000e+00  4.29564897e+00 
 2.91000000e+00  2.91000000e+00  2.91000000e+00  1.31809325e+00  2.91000000e+00  4.30773673e+00 
 2.91500000e+00  2.91500000e+00  2.91500000e+00  1.31442799e+00  2.91500000e+00  4.31954135e+00 
 2.92000000e+00  2.92000000e+00  2.92000000e+00  1.31079420e+00  2.92000000e+00  4.33107278e+00 
 2.92500000e+00  2.92500000e+00  2.92500000e+00  1.30719164e+00  2.92500000e+00  4.34234045e+00 
 2.93000000e+00  2.93000000e+00  2.93000000e+00  1.30362009e+00  2.93000000e+00  4.35335336e+00 
 2.93500000e+00  2.93500000e+00  2.93500000e+00  1.30007930e+00  2.93500000e+00  4.36412005e+00 
 2.94000000e+00  2.94000000e+00  2.94000000e+00  1.29656901e+00  2.94000000e+00  4.37464865e+00 
 2.94500000e+00  2.94500000e+00  2.94500000e+00  1.29308895e+00  2.94500000e+00  4.38494693e+00 
 2.95000000e+00  2.95000000e+00  2.95000000e+00  1.28963884e+00  2.95000000e+00  4.39502228e+00 
 2.95500000e+00  2.95500000e+00  2.95500000e+00  1.28621839e+00  2.95500000e+00  4.40488179e+00 
 2.96000000e+00  2.96000000e+00  2.96000000e+00  1.28282730e+00  2.96000000e+00  4.41453220e+00 
 2.96500000e+00  2.96500000e+00  2.96500000e+00  1.27946527e+00  2.96500000e+00  4.42397998e+00 
 2.97000000e+00  2.97000000e+00  2.97000000e+00  1.27613199e+00  2.97000000e+00  4.43323131e+00 
 2.97500000e+00  2.97500000e+00  2.97500000e+00  1.27282715e+00  2.97500000e+00  4.44229210e+00 
 2.98000000e+00  2.98000000e+00  2.98000000e+00  1.26955042e+00  2.98000000e+00  4.45116802e+00 
 2.98500000e+00  2.98500000e+00  2.98500000e+00  1.26630150e+00  2.98500000e+00  4.45986451e+00 
 2.99000000e+00  2.99000000e+00  2.99000000e+00  1.26308005e+00  2.99000000e+00  4.46838678e+00 
 2.99500000e+00  2.99500000e+00  2.99500000e+00  1.25988575e+00  2.99500000e+00  4.47673983e+00 
 3.00000000e+00  3.00000000e+00  3.00000000e+00  1.25671828e+00  3.00000000e+00  4.48492846e+00 
 3.00500000e+00  3.00500000e+00  3.00500000e+00  1.25357732e+00  3.00500000e+00  4.49295726e+00 
 3.01000000e+00  3.01000000e+00  3.01000000e+00  1.25046254e+00  3.01000000e+00  4.50083068e+00 
 3.01500000e+00  3.01500000e+00  3.01500000e+00  1.24737362e+00  3.01500000e+00  4.50855295e+00 
 3.02000000e+00  3.02000000e+00  3.02000000e+00  1.24431024e+00  3.02000000e+00  4.51612819e+00 
 3.02500000e+00  3.02500000e+00  3.02500000e+00  1.24127207e+00  3.02500000e+00  4.52356030e+00 
 3.03000000e+00  3.03000000e+00  3.03000000e+00  1.23825881e+00  3.03000000e+00  4.53085310e+00 
 3.03500000e+00  3.03500000e+00  3.03500000e+00  1.23527013e+00  3.03500000e+00  4.53801021e+00 
 3.04000000e+00  3.04000000e+00  3.04000000e+00  1.23230574e+00  3.04000000e+00  4.54503514e+00 
 3.04500000e+00  3.04500000e+00  3.04500000e+00  1.22936530e+00  3.04500000e+00  4.55193128e+00 
 3.05000000e+00  3.05000000e+00  3.05000000e+00  1.22644854e+00  3.05000000e+00  4.55870189e+00 
 3.05500000e+00  3.05500000e+00  3.05500000e+00  1.22355513e+00  3.05500000e+00  4.56535011e+00 
 3.06000000e+00  3.06000000e+00  3.06000000e+00  1.22068478e+00  3.06000000e+00  4.57187896e+00 
 3.06500000e+00  3.06500000e+00  3.06500000e+00  1.21783721e+00  3.06500000e+00  4.57829137e+00 
 3.07000000e+00  3.07000000e+00  3.07000000e+00  1.21501211e+00  3.07000000e+00  4.58459016e+00 
 3.07500000e+00  3.07500000e+00  3.07500000e+00  1.21220921e+00  3.07500000e+00  4.59077805e+00 
 3.08000000e+00  3.08000000e+00  3.08000000e+00  1.20942821e+00  3.08000000e+00  4.59685767e+00 
 3.08500000e+00  3.08500000e+00  3.08500000e+00  1.20666884e+00  3.08500000e+00  4.60283156e+00 
 3.09000000e+00  3.09000000e+00  3.09000000e+00  1.20393084e+00  3.09000000e+00  4.60870218e+00 
 3.09500000e+00  3.09500000e+00  3.09500000e+00  1.20121391e+00  3.09500000e+00  4.61447191e+00 
 3.10000000e+00  3.10000000e+00  3.10000000e+00  1.19851781e+00  3.10000000e+00  4.62014303e+00 
 3.10500000e+00  3.10500000e+00  3.10500000e+00  1.19584227e+00  3.10500000e+00  4.62571777e+00 
 3.11000000e+00  3.11000000e+00  3.11000000e+00  1.19318703e+00  3.11000000e+00  4.63119829e+00 
 3.11500000e+00  3.11500000e+00  3.11500000e+00  1.19055184e+00  3.11500000e+00  4.63658665e+00 
 3.12000000e+00  3.12000000e+00  3.12000000e+00  1.18793644e+00  3.12000000e+00  4.64188489e+00 
 3.12500000e+00  3.12500000e+00  3.12500000e+00  1.18534060e+00  3.12500000e+00  4.64709494e+00 
 3.13000000e+00  3.13000000e+00  3.13000000e+00  1.18276407e+00  3.13000000e+00  4.65221871e+00 
 3.13500000e+00  3.13500000e+00  3.13500000e+00  1.18020661e+00  3.13500000e+00  4.65725802e+00 
 3.14000000e+00  3.14000000e+00  3.14000000e+00  1.17766799e+00  3.14000000e+00  4.66221466e+00 
 3.14500000e+00  3.14500000e+00  3.14500000e+00  1.17514798e+00  3.14500000e+00  4.66709035e+00 
 3.15000000e+00  3.15000000e+00  3.15000000e+00  1.17264636e+00  3.15000000e+00  4.67188676e+00 
 3.15500000e+00  3.15500000e+00  3.15500000e+00  1.17016290e+00  3.15500000e+00  4.67660553e+00 
 3.16000000e+00  3.16000000e+00  3.16000000e+00  1.16769738e+00  3.16000000e+00  4.68124822e+00 
 3.16500000e+00  3.16500000e+00  3.16500000e+00  1.16524960e+00  3.16500000e+00  4.68581637e+00 
 3.17000000e+00  3.17000000e+00  3.17000000e+00  1.16281933e+00  3.17000000e+00  4.69031148e+00 
 3.17500000e+00  3.17500000e+00  3.17500000e+00  1.16040638e+00  3.17500000e+00  4.69473498e+00 
 3.18000000e+00  3.18000000e+00  3.18000000e+00  1.15801053e+00  3.18000000e+00  4.69908828e+00 
 3.18500000e+00  3.18500000e+00  3.18500000e+00  1.15563159e+00  3.18500000e+00  4.70337275e+00 
 3.19000000e+00  3.19000000e+00  3.19000000e+00  1.15326937e+00  3.19000000e+00  4.70758972e+00 
 3.19500000e+00  3.19500000e+00  3.19500000e+00  1.15092365e+00  3.19500000e+00  4.71174048e+00 
 3.20000000e+00  3.20000000e+00  3.20000000e+00  1.14859427e+00  3.20000000e+00  4.71582630e+00 
 3.20500000e+00  3.20500000e+00  3.20500000e+00  1.14628102e+00  3.20500000e+00  4.71984839e+00 
 3.21000000e+00  3.21000000e+00  3.21000000e+00  1.14398373e+00  3.21000000e+00  4.72380796e+00 
 3.21500000e+00  3.21500000e+00  3.21500000e+00  1.14170221e+00  3.21500000e+00  4.72770616e+00 
 3.22000000e+00  3.22000000e+00  3.22000000e+00  1.13943629e+00  3.22000000e+00  4.73154413e+00 
 3.22500000e+00  3.22500000e+00  3.22500000e+00  1.13718579e+00  3.22500000e+00  4.73532297e+00 
 3.23000000e+00  3.23000000e+00  3.23000000e+00  1.13495054e+00  3.23000000e+00  4.73904376e+00 
 3.23500000e+00  3.23500000e+00  3.23500000e+00  1.13273037e+00  3.23500000e+00  4.74270754e+00 
 3.24000000e+00  3.24000000e+00  3.24000000e+00  1.13052511e+00  3.24000000e+00  4.74631535e+00 
 3.24500000e+00  3.24500000e+00  3.24500000e+00  1.12833460e+00  3.24500000e+00  4.74986817e+00 
 3.25000000e+00  3.25000000e+00  3.25000000e+00  1.12615868e+00  3.25000000e+00  4.75336699e+00 
 3.25500000e+00  3.25500000e+00  3.25500000e+00  1.12399719e+00  3.25500000e+00  4.75681275e+00 
 3.26000000e+00  3.26000000e+00  3.26000000e+00  1.12184997e+00  3.26000000e+00  4.76020638e+00 
 3.26500000e+00  3.26500000e+00  3.26500000e+00  1.11971687e+00  3.26500000e+00  4.76354879e+00 
 3.27000000e+00  3.27000000e+00  3.27000000e+00  1.11759775e+00  3.27000000e+00  4.76684086e+00 
 3.27500000e+00  3.27500000e+00  3.27500000e+00  1.11549244e+00  3.27500000e+00  4.77008346e+00 
 3.28000000e+00  3.28000000e+00  3.28000000e+00  1.11340081e+00  3.28000000e+00  4.77327743e+00 
 3.28500000e+00  3.28500000e+00  3.28500000e+00  1.11132271e+00  3.28500000e+00  4.77642360e+00 
 3.29000000e+00  3.29000000e+00  3.29000000e+00  1.10925800e+00  3.29000000e+00  4.77952277e+00 
 3.29500000e+00  3.29500000e+00  3.29500000e+00  1.10720654e+00  3.29500000e+00  4.78257574e+00 
 3.30000000e+00  3.30000000e+00  3.30000000e+00  1.10516820e+00  3.30000000e+00  4.78558328e+00 
 3.30500000e+00  3.30500000e+00  3.30500000e+00  1.10314283e+00  3.30500000e+00  4.78854614e+00 
 3.31000000e+00  3.31000000e+00  3.31000000e+00  1.10113031e+00  3.31000000e+00  4.79146506e+00 
 3.31500000e+00  3.31500000e+00  3.31500000e+00  1.09913051e+00  3.31500000e+00  4.79434076e+00 
 3.32000000e+00  3.32000000e+00  3.32000000e+00  1.09714329e+00  3.32000000e+00  4.79717396e+00 
 3.32500000e+00  3.32500000e+00  3.32500000e+00  1.09516854e+00  3.32500000e+00  4.79996535e+00 
 3.33000000e+00  3.33000000e+00  3.33000000e+00  1.09320612e+00  3.33000000e+00  4.80271560e+00 
 3.33500000e+00  3.33500000e+00  3.33500000e+00  1.09125591e+00  3.33500000e+00  4.80542537e+00 
 3.34000000e+00  3.34000000e+00  3.34000000e+00  1.08931780e+00  3.34000000e+00  4.80809533e+00 
 3.34500000e+00  3.34500000e+00  3.34500000e+00  1.08739165e+00  3.34500000e+00  4.81072611e+00 
 3.35000000e+00  3.35000000e+00  3.35000000e+00  1.08547737e+00  3.35000000e+00  4.81331833e+00 
 3.35500000e+00  3.35500000e+00  3.35500000e+00  1.08357482e+00  3.35500000e+00  4.81587260e+00 
 3.36000000e+00  3.36000000e+00  3.36000000e+00  1.08168390e+00  3.36000000e+00  4.81838953e+00 
 3.36500000e+00  3.36500000e+00  3.36500000e+00  1.07980449e+00  3.36500000e+00  4.82086971e+00 
 3.37000000e+00  3.37000000e+00  3.37000000e+00  1.07793649e+00  3.37000000e+00  4.82331371e+00 
 3.37500000e+00  3.37500000e+00  3.37500000e+00  1.07607978e+00  3.37500000e+00  4.82572210e+00 
 3.38000000e+00  3.38000000e+00  3.38000000e+00  1.07423426e+00  3.38000000e+00  4.82809543e+00 
 3.38500000e+00  3.38500000e+00  3.38500000e+00  1.07239982e+00  3.38500000e+00  4.83043425e+00 
 3.39000000e+00  3.39000000e+00  3.39000000e+00  1.07057636e+00  3.39000000e+00  4.83273910e+00 
 3.39500000e+00  3.39500000e+00  3.39500000e+00  1.06876377e+00  3.39500000e+00  4.83501050e+00 
 3.40000000e+00  3.40000000e+00  3.40000000e+00  1.06696196e+00  3.40000000e+00  4.83724896e+00 
 3.40500000e+00  3.40500000e+00  3.40500000e+00  1.06517082e+00  3.40500000e+00  4.83945499e+00 
 3.41000000e+00  3.41000000e+00  3.41000000e+00  1.06339026e+00  3.41000000e+00  4.84162909e+00 
 3.41500000e+00  3.41500000e+00  3.41500000e+00  1.06162018e+00  3.41500000e+00  4.84377174e+00 
 3.42000000e+00  3.42000000e+00  3.42000000e+00  1.05986048e+00  3.42000000e+00  4.84588342e+00 
 3.42500000e+00  3.42500000e+00  3.42500000e+00  1.05811107e+00  3.42500000e+00  4.84796461e+00 
 3.43000000e+00  3.43000000e+00  3.43000000e+00  1.05637186e+00  3.43000000e+00  4.85001576e+00 
 3.43500000e+00  3.43500000e+00  3.43500000e+00  1.05464276e+00  3.43500000e+00  4.85203733e+00 
 3.44000000e+00  3.44000000e+00  3.44000000e+00  1.05292367e+00  3.44000000e+00  4.85402976e+00 
 3.44500000e+00  3.44500000e+00  3.44500000e+00  1.05121450e+00  3.44500000e+00  4.85599350e+00 
 3.45000000e+00  3.45000000e+00  3.45000000e+00  1.04951518e+00  3.45000000e+00  4.85792896e+00 
 3.45500000e+00  3.45500000e+00  3.45500000e+00  1.04782561e+00  3.45500000e+00  4.85983659e+00 
 3.46000000e+00  3.46000000e+00  3.46000000e+00  1.04614571e+00  3.46000000e+00  4.86171679e+00 
 3.46500000e+00  3.46500000e+00  3.46500000e+00  1.04447538e+00  3.46500000e+00  4.86356997e+00 
 3.47000000e+00  3.47000000e+00  3.47000000e+00  1.04281456e+00  3.47000000e+00  4.86539653e+00 
 3.47500000e+00  3.47500000e+00  3.47500000e+00  1.04116316e+00  3.47500000e+00  4.86719687e+00 
 3.48000000e+00  3.48000000e+00  3.48000000e+00  1.03952110e+00  3.48000000e+00  4.86897138e+00 
 3.48500000e+00  3.48500000e+00  3.48500000e+00  1.03788829e+00  3.48500000e+00  4.87072044e+00 
 3.49000000e+00  3.49000000e+00  3.49000000e+00  1.03626466e+00  3.49000000e+00  4.87244443e+00 
 3.49500000e+00  3.49500000e+00  3.49500000e+00  1.03465014e+00  3.49500000e+00  4.87414371e+00 
 3.50000000e+00  3.50000000e+00  3.50000000e+00  1.03304464e+00  3.50000000e+00  4.87581866e+00 
 3.50500000e+00  3.50500000e+00  3.50500000e+00  1.03144809e+00  3.50500000e+00  4.87746962e+00 
 3.51000000e+00  3.51000000e+00  3.51000000e+00  1.02986042e+00  3.51000000e+00  4.87909695e+00 
 3.51500000e+00  3.51500000e+00  3.51500000e+00  1.02828155e+00  3.51500000e+00  4.88070101e+00 
 3.52000000e+00  3.52000000e+00  3.52000000e+00  1.02671141e+00  3.52000000e+00  4.88228212e+00 
 3.52500000e+00  3.52500000e+00  3.52500000e+00  1.02514993e+00  3.52500000e+00  4.88384062e+00 
 3.53000000e+00  3.53000000e+00  3.53000000e+00  1.02359704e+00  3.53000000e+00  4.88537685e+00 
 3.53500000e+00  3.53500000e+00  3.53500000e+00  1.02205267e+00  3.53500000e+00  4.88689114e+00 
 3.54000000e+00  3.54000000e+00  3.54000000e+00  1.02051675e+00  3.54000000e+00  4.88838379e+00 
 3.54500000e+00  3.54500000e+00  3.54500000e+00  1.01898921e+00  3.54500000e+00  4.88985513e+00 
 3.55000000e+00  3.55000000e+00  3.55000000e+00  1.01746999e+00  3.55000000e+00  4.89130547e+00 
 3.55500000e+00  3.55500000e+00  3.55500000e+00  1.01595902e+00  3.55500000e+00  4.89273510e+00 
 3.56000000e+00  3.56000000e+00  3.56000000e+00  1.01445623e+00  3.56000000e+00  4.89414435e+00 
 3.56500000e+00  3.56500000e+00  3.56500000e+00  1.01296156e+00  3.56500000e+00  4.89553349e+00 
 3.57000000e+00  3.57000000e+00  3.57000000e+00  1.01147495e+00  3.57000000e+00  4.89690282e+00 
 3.57500000e+00  3.57500000e+00  3.57500000e+00  1.00999634e+00  3.57500000e+00  4.89825263e+00 
 3.58000000e+00  3.58000000e+00  3.58000000e+00  1.00852566e+00  3.58000000e+00  4.89958320e+00 
 3.58500000e+00  3.58500000e+00  3.58500000e+00  1.00706285e+00  3.58500000e+00  4.90089481e+00 
 3.59000000e+00  3.59000000e+00  3.59000000e+00  1.00560786e+00  3.59000000e+00  4.90218773e+00 
 3.59500000e+00  3.59500000e+00  3.59500000e+00  1.00416061e+00  3.59500000e+00  4.90346224e+00 
 3.60000000e+00  3.60000000e+00  3.60000000e+00  1.00272106e+00  3.60000000e+00  4.90471860e+00 
 3.60500000e+00  3.60500000e+00  3.60500000e+00  1.00128915e+00  3.60500000e+00  4.90595708e+00 
 3.61000000e+00  3.61000000e+00  3.61000000e+00  9.99864820e-01  3.61000000e+00  4.90717792e+00 
 3.61500000e+00  3.61500000e+00  3.61500000e+00  9.98448011e-01  3.61500000e+00  4.90838139e+00 
 3.62000000e+00  3.62000000e+00  3.62000000e+00  9.97038670e-01  3.62000000e+00  4.90956774e+00 
 3.62500000e+00  3.62500000e+00  3.62500000e+00  9.95636743e-01  3.62500000e+00  4.91073721e+00 
 3.63000000e+00  3.63000000e+00  3.63000000e+00  9.94242174e-01  3.63000000e+00  4.91189004e+00 
 3.63500000e+00  3.63500000e+00  3.63500000e+00  9.92854911e-01  3.63500000e+00  4.91302648e+00 
 3.64000000e+00  3.64000000e+00  3.64000000e+00  9.91474901e-01  3.64000000e+00  4.91414677e+00 
 3.64500000e+00  3.64500000e+00  3.64500000e+00  9.90102092e-01  3.64500000e+00  4.91525113e+00 
 3.65000000e+00  3.65000000e+00  3.65000000e+00  9.88736433e-01  3.65000000e+00  4.91633979e+00 
 3.65500000e+00  3.65500000e+00  3.65500000e+00  9.87377873e-01  3.65500000e+00  4.91741298e+00 
 3.66000000e+00  3.66000000e+00  3.66000000e+00  9.86026362e-01  3.66000000e+00  4.91847093e+00 
 3.66500000e+00  3.66500000e+00  3.66500000e+00  9.84681851e-01  3.66500000e+00  4.91951385e+00 
 3.67000000e+00  3.67000000e+00  3.67000000e+00  9.83344291e-01  3.67000000e+00  4.92054195e+00 
 3.67500000e+00  3.67500000e+00  3.67500000e+00  9.82013634e-01  3.67500000e+00  4.92155546e+00 
 3.68000000e+00  3.68000000e+00  3.68000000e+00  9.80689833e-01  3.68000000e+00  4.92255458e+00 
 3.68500000e+00  3.68500000e+00  3.68500000e+00  9.79372841e-01  3.68500000e+00  4.92353951e+00 
 3.69000000e+00  3.69000000e+00  3.69000000e+00  9.78062612e-01  3.69000000e+00  4.92451047e+00 
 3.69500000e+00  3.69500000e+00  3.69500000e+00  9.76759100e-01  3.69500000e+00  4.92546765e+00 
 3.70000000e+00  3.70000000e+00  3.70000000e+00  9.75462261e-01  3.70000000e+00  4.92641125e+00 
 3.70500000e+00  3.70500000e+00  3.70500000e+00  9.74172049e-01  3.70500000e+00  4.92734147e+00 
 3.71000000e+00  3.71000000e+00  3.71000000e+00  9.72888422e-01  3.71000000e+00  4.92825849e+00 
 3.71500000e+00  3.71500000e+00  3.71500000e+00  9.71611336e-01  3.71500000e+00  4.92916251e+00 
 3.72000000e+00  3.72000000e+00  3.72000000e+00  9.70340749e-01  3.72000000e+00  4.93005372e+00 
 3.72500000e+00  3.72500000e+00  3.72500000e+00  9.69076618e-01  3.72500000e+00  4.93093229e+00 
 3.73000000e+00  3.73000000e+00  3.73000000e+00  9.67818901e-01  3.73000000e+00  4.93179842e+00 
 3.73500000e+00  3.73500000e+00  3.73500000e+00  9.66567559e-01  3.73500000e+00  4.93265227e+00 
 3.74000000e+00  3.74000000e+00  3.74000000e+00  9.65322550e-01  3.74000000e+00  4.93349403e+00 
 3.74500000e+00  3.74500000e+00  3.74500000e+00  9.64083835e-01  3.74500000e+00  4.93432386e+00 
 3.75000000e+00  3.75000000e+00  3.75000000e+00  9.62851374e-01  3.75000000e+00  4.93514195e+00 
 3.75500000e+00  3.75500000e+00  3.75500000e+00  9.61625128e-01  3.75500000e+00  4.93594846e+00 
 3.76000000e+00  3.76000000e+00  3.76000000e+00  9.60405059e-01  3.76000000e+00  4.93674355e+00 
 3.76500000e+00  3.76500000e+00  3.76500000e+00  9.59191129e-01  3.76500000e+00  4.93752738e+00 
 3.77000000e+00  3.77000000e+00  3.77000000e+00  9.57983301e-01  3.77000000e+00  4.93830013e+00 
 3.77500000e+00  3.77500000e+00  3.77500000e+00  9.56781537e-01  3.77500000e+00  4.93906195e+00 
 3.78000000e+00  3.78000000e+00  3.78000000e+00  9.55585801e-01  3.78000000e+00  4.93981300e+00 
 3.78500000e+00  3.78500000e+00  3.78500000e+00  9.54396057e-01  3.78500000e+00  4.94055343e+00 
 3.79000000e+00  3.79000000e+00  3.79000000e+00  9.53212269e-01  3.79000000e+00  4.94128340e+00 
 3.79500000e+00  3.79500000e+00  3.79500000e+00  9.52034403e-01  3.79500000e+00  4.94200305e+00 
 3.80000000e+00  3.80000000e+00  3.80000000e+00  9.50862422e-01  3.80000000e+00  4.94271253e+00 
 3.80500000e+00  3.80500000e+00  3.80500000e+00  9.49696294e-01  3.80500000e+00  4.94341199e+00 
 3.81000000e+00  3.81000000e+00  3.81000000e+00  9.48535983e-01  3.81000000e+00  4.94410158e+00 
 3.81500000e+00  3.81500000e+00  3.81500000e+00  9.47381456e-01  3.81500000e+00  4.94478144e+00 
 3.82000000e+00  3.82000000e+00  3.82000000e+00  9.46232680e-01  3.82000000e+00  4.94545170e+00 
 3.82500000e+00  3.82500000e+00  3.82500000e+00  9.45089622e-01  3.82500000e+00  4.94611251e+00 
 3.83000000e+00  3.83000000e+00  3.83000000e+00  9.43952248e-01  3.83000000e+00  4.94676401e+00 
 3.83500000e+00  3.83500000e+00  3.83500000e+00  9.42820528e-01  3.83500000e+00  4.94740631e+00 
 3.84000000e+00  3.84000000e+00  3.84000000e+00  9.41694428e-01  3.84000000e+00  4.94803957e+00 
 3.84500000e+00  3.84500000e+00  3.84500000e+00  9.40573916e-01  3.84500000e+00  4.94866391e+00 
 3.85000000e+00  3.85000000e+00  3.85000000e+00  9.39458962e-01  3.85000000e+00  4.94927945e+00 
 3.85500000e+00  3.85500000e+00  3.85500000e+00  9.38349534e-01  3.85500000e+00  4.94988634e+00 
 3.86000000e+00  3.86000000e+00  3.86000000e+00  9.37245600e-01  3.86000000e+00  4.95048468e+00 
 3.86500000e+00  3.86500000e+00  3.86500000e+00  9.36147130e-01  3.86500000e+00  4.95107461e+00 
 3.87000000e+00  3.87000000e+00  3.87000000e+00  9.35054093e-01  3.87000000e+00  4.95165625e+00 
 3.87500000e+00  3.87500000e+00  3.87500000e+00  9.33966458e-01  3.87500000e+00  4.95222972e+00 
 3.88000000e+00  3.88000000e+00  3.88000000e+00  9.32884195e-01  3.88000000e+00  4.95279513e+00 
 3.88500000e+00  3.88500000e+00  3.88500000e+00  9.31807273e-01  3.88500000e+00  4.95335261e+00 
 3.89000000e+00  3.89000000e+00  3.89000000e+00  9.30735663e-01  3.89000000e+00  4.95390227e+00 
 3.89500000e+00  3.89500000e+00  3.89500000e+00  9.29669333e-01  3.89500000e+00  4.95444422e+00 
 3.90000000e+00  3.90000000e+00  3.90000000e+00  9.28608254e-01  3.90000000e+00  4.95497858e+00 
 3.90500000e+00  3.90500000e+00  3.90500000e+00  9.27552396e-01  3.90500000e+00  4.95550546e+00 
 3.91000000e+00  3.91000000e+00  3.91000000e+00  9.26501728e-01  3.91000000e+00  4.95602497e+00 
 3.91500000e+00  3.91500000e+00  3.91500000e+00  9.25456220e-01  3.91500000e+00  4.95653721e+00 
 3.92000000e+00  3.92000000e+00  3.92000000e+00  9.24415842e-01  3.92000000e+00  4.95704229e+00 
 3.92500000e+00  3.92500000e+00  3.92500000e+00  9.23380563e-01  3.92500000e+00  4.95754033e+00 
 3.93000000e+00  3.93000000e+00  3.93000000e+00  9.22350354e-01  3.93000000e+00  4.95803141e+00 
 3.93500000e+00  3.93500000e+00  3.93500000e+00  9.21325183e-01  3.93500000e+00  4.95851566e+00 
 3.94000000e+00  3.94000000e+00  3.94000000e+00  9.20305019e-01  3.94000000e+00  4.95899315e+00 
 3.94500000e+00  3.94500000e+00  3.94500000e+00  9.19289832e-01  3.94500000e+00  4.95946401e+00 
 3.95000000e+00  3.95000000e+00  3.95000000e+00  9.18279591e-01  3.95000000e+00  4.95992832e+00 
 3.95500000e+00  3.95500000e+00  3.95500000e+00  9.17274264e-01  3.95500000e+00  4.96038619e+00 
 3.96000000e+00  3.96000000e+00  3.96000000e+00  9.16273820e-01  3.96000000e+00  4.96083770e+00 
 3.96500000e+00  3.96500000e+00  3.96500000e+00  9.15278226e-01  3.96500000e+00  4.96128296e+00 
 3.97000000e+00  3.97000000e+00  3.97000000e+00  9.14287452e-01  3.97000000e+00  4.96172206e+00 
 3.97500000e+00  3.97500000e+00  3.97500000e+00  9.13301463e-01  3.97500000e+00  4.96215509e+00 
 3.98000000e+00  3.98000000e+00  3.98000000e+00  9.12320229e-01  3.98000000e+00  4.96258214e+00 
 3.98500000e+00  3.98500000e+00  3.98500000e+00  9.11343714e-01  3.98500000e+00  4.96300331e+00 
 3.99000000e+00  3.99000000e+00  3.99000000e+00  9.10371887e-01  3.99000000e+00  4.96341868e+00 
 3.99500000e+00  3.99500000e+00  3.99500000e+00  9.09404714e-01  3.99500000e+00  4.96382834e+00 
 4.00000000e+00  4.00000000e+00  4.00000000e+00  9.08442159e-01  4.00000000e+00  4.96423238e+00 
 4.00500000e+00  4.00500000e+00  4.00500000e+00  9.07484190e-01  4.00500000e+00  4.96463088e+00 
 4.01000000e+00  4.01000000e+00  4.01000000e+00  9.06530770e-01  4.01000000e+00  4.96502393e+00 
 4.01500000e+00  4.01500000e+00  4.01500000e+00  9.05581865e-01  4.01500000e+00  4.96541162e+00 
 4.02000000e+00  4.02000000e+00  4.02000000e+00  9.04637439e-01  4.02000000e+00  4.96579402e+00 
 4.02500000e+00  4.02500000e+00  4.02500000e+00  9.03697457e-01  4.02500000e+00  4.96617122e+00 
 4.03000000e+00  4.03000000e+00  4.03000000e+00  9.02761881e-01  4.03000000e+00  4.96654329e+00 
 4.03500000e+00  4.03500000e+00  4.03500000e+00  9.01830675e-01  4.03500000e+00  4.96691032e+00 
 4.04000000e+00  4.04000000e+00  4.04000000e+00  9.00903803e-01  4.04000000e+00  4.96727239e+00 
 4.04500000e+00  4.04500000e+00  4.04500000e+00  8.99981226e-01  4.04500000e+00  4.96762957e+00 
 4.05000000e+00  4.05000000e+00  4.05000000e+00  8.99062907e-01  4.05000000e+00  4.96798194e+00 
 4.05500000e+00  4.05500000e+00  4.05500000e+00  8.98148808e-01  4.05500000e+00  4.96832958e+00 
 4.06000000e+00  4.06000000e+00  4.06000000e+00  8.97238891e-01  4.06000000e+00  4.96867255e+00 
 4.06500000e+00  4.06500000e+00  4.06500000e+00  8.96333118e-01  4.06500000e+00  4.96901093e+00 
 4.07000000e+00  4.07000000e+00  4.07000000e+00  8.95431449e-01  4.07000000e+00  4.96934480e+00 
 4.07500000e+00  4.07500000e+00  4.07500000e+00  8.94533845e-01  4.07500000e+00  4.96967422e+00 
 4.08000000e+00  4.08000000e+00  4.08000000e+00  8.93640268e-01  4.08000000e+00  4.96999927e+00 
 4.08500000e+00  4.08500000e+00  4.08500000e+00  8.92750678e-01  4.08500000e+00  4.97032001e+00 
 4.09000000e+00  4.09000000e+00  4.09000000e+00  8.91865037e-01  4.09000000e+00  4.97063652e+00 
 4.09500000e+00  4.09500000e+00  4.09500000e+00  8.90983304e-01  4.09500000e+00  4.97094885e+00 
 4.10000000e+00  4.10000000e+00  4.10000000e+00  8.90105440e-01  4.10000000e+00  4.97125708e+00 
 4.10500000e+00  4.10500000e+00  4.10500000e+00  8.89231407e-01  4.10500000e+00  4.97156127e+00 
 4.11000000e+00  4.11000000e+00  4.11000000e+00  8.88361164e-01  4.11000000e+00  4.97186148e+00 
 4.11500000e+00  4.11500000e+00  4.11500000e+00  8.87494672e-01  4.11500000e+00  4.97215778e+00 
 4.12000000e+00  4.12000000e+00  4.12000000e+00  8.86631893e-01  4.12000000e+00  4.97245022e+00 
 4.12500000e+00  4.12500000e+00  4.12500000e+00  8.85772788e-01  4.12500000e+00  4.97273888e+00 
 4.13000000e+00  4.13000000e+00  4.13000000e+00  8.84917318e-01  4.13000000e+00  4.97302380e+00 
 4.13500000e+00  4.13500000e+00  4.13500000e+00  8.84065445e-01  4.13500000e+00  4.97330505e+00 
 4.14000000e+00  4.14000000e+00  4.14000000e+00  8.83217131e-01  4.14000000e+00  4.97358269e+00 
 4.14500000e+00  4.14500000e+00  4.14500000e+00  8.82372338e-01  4.14500000e+00  4.97385676e+00 
 4.15000000e+00  4.15000000e+00  4.15000000e+00  8.81531029e-01  4.15000000e+00  4.97412734e+00 
 4.15500000e+00  4.15500000e+00  4.15500000e+00  8.80693167e-01  4.15500000e+00  4.97439446e+00 
 4.16000000e+00  4.16000000e+00  4.16000000e+00  8.79858717e-01  4.16000000e+00  4.97465819e+00 
 4.16500000e+00  4.16500000e+00  4.16500000e+00  8.79027642e-01  4.16500000e+00  4.97491858e+00 
 4.17000000e+00  4.17000000e+00  4.17000000e+00  8.78199907e-01  4.17000000e+00  4.97517568e+00 
 4.17500000e+00  4.17500000e+00  4.17500000e+00  8.77375477e-01  4.17500000e+00  4.97542953e+00 
 4.18000000e+00  4.18000000e+00  4.18000000e+00  8.76554318e-01  4.18000000e+00  4.97568020e+00 
 4.18500000e+00  4.18500000e+00  4.18500000e+00  8.75736397e-01  4.18500000e+00  4.97592772e+00 
 4.19000000e+00  4.19000000e+00  4.19000000e+00  8.74921681e-01  4.19000000e+00  4.97617215e+00 
 4.19500000e+00  4.19500000e+00  4.19500000e+00  8.74110138e-01  4.19500000e+00  4.97641353e+00 
 4.20000000e+00  4.20000000e+00  4.20000000e+00  8.73301735e-01  4.20000000e+00  4.97665192e+00 
 4.20500000e+00  4.20500000e+00  4.20500000e+00  8.72496443e-01  4.20500000e+00  4.97688734e+00 
 4.21000000e+00  4.21000000e+00  4.21000000e+00  8.71694231e-01  4.21000000e+00  4.97711986e+00 
 4.21500000e+00  4.21500000e+00  4.21500000e+00  8.70895068e-01  4.21500000e+00  4.97734950e+00 
 4.22000000e+00  4.22000000e+00  4.22000000e+00  8.70098928e-01  4.22000000e+00  4.97757632e+00 
 4.22500000e+00  4.22500000e+00  4.22500000e+00  8.69305781e-01  4.22500000e+00  4.97780035e+00 
 4.23000000e+00  4.23000000e+00  4.23000000e+00  8.68515599e-01  4.23000000e+00  4.97802164e+00 
 4.23500000e+00  4.23500000e+00  4.23500000e+00  8.67728357e-01  4.23500000e+00  4.97824023e+00 
 4.24000000e+00  4.24000000e+00  4.24000000e+00  8.66944028e-01  4.24000000e+00  4.97845615e+00 
 4.24500000e+00  4.24500000e+00  4.24500000e+00  8.66162586e-01  4.24500000e+00  4.97866945e+00 
 4.25000000e+00  4.25000000e+00  4.25000000e+00  8.65384007e-01  4.25000000e+00  4.97888015e+00 
 4.25500000e+00  4.25500000e+00  4.25500000e+00  8.64608266e-01  4.25500000e+00  4.97908831e+00 
 4.26000000e+00  4.26000000e+00  4.26000000e+00  8.63835340e-01  4.26000000e+00  4.97929395e+00 
 4.26500000e+00  4.26500000e+00  4.26500000e+00  8.63065206e-01  4.26500000e+00  4.97949712e+00 
 4.27000000e+00  4.27000000e+00  4.27000000e+00  8.62297841e-01  4.27000000e+00  4.97969783e+00 
 4.27500000e+00  4.27500000e+00  4.27500000e+00  8.61533224e-01  4.27500000e+00  4.97989614e+00 
 4.28000000e+00  4.28000000e+00  4.28000000e+00  8.60771334e-01  4.28000000e+00  4.98009208e+00 
 4.28500000e+00  4.28500000e+00  4.28500000e+00  8.60012149e-01  4.28500000e+00  4.98028567e+00 
 4.29000000e+00  4.29000000e+00  4.29000000e+00  8.59255650e-01  4.29000000e+00  4.98047695e+00 
 4.29500000e+00  4.29500000e+00  4.29500000e+00  8.58501817e-01  4.29500000e+00  4.98066595e+00 
 4.30000000e+00  4.30000000e+00  4.30000000e+00  8.57750631e-01  4.30000000e+00  4.98085270e+00 
 4.30500000e+00  4.30500000e+00  4.30500000e+00  8.57002072e-01  4.30500000e+00  4.98103724e+00 
 4.31000000e+00  4.31000000e+00  4.31000000e+00  8.56256123e-01  4.31000000e+00  4.98121959e+00 
 4.31500000e+00  4.31500000e+00  4.31500000e+00  8.55512766e-01  4.31500000e+00  4.98139979e+00 
 4.32000000e+00  4.32000000e+00  4.32000000e+00  8.54771982e-01  4.32000000e+00  4.98157786e+00 
 4.32500000e+00  4.32500000e+00  4.32500000e+00  8.54033756e-01  4.32500000e+00  4.98175383e+00 
 4.33000000e+00  4.33000000e+00  4.33000000e+00  8.53298071e-01  4.33000000e+00  4.98192773e+00 
 4.33500000e+00  4.33500000e+00  4.33500000e+00  8.52564909e-01  4.33500000e+00  4.98209959e+00 
 4.34000000e+00  4.34000000e+00  4.34000000e+00  8.51834255e-01  4.34000000e+00  4.98226944e+00 
 4.34500000e+00  4.34500000e+00  4.34500000e+00  8.51106093e-01  4.34500000e+00  4.98243730e+00 
 4.35000000e+00  4.35000000e+00  4.35000000e+00  8.50380408e-01  4.35000000e+00  4.98260320e+00 
 4.35500000e+00  4.35500000e+00  4.35500000e+00  8.49657185e-01  4.35500000e+00  4.98276716e+00 
 4.36000000e+00  4.36000000e+00  4.36000000e+00  8.48936408e-01  4.36000000e+00  4.98292921e+00 
 4.36500000e+00  4.36500000e+00  4.36500000e+00  8.48218064e-01  4.36500000e+00  4.98308938e+00 
 4.37000000e+00  4.37000000e+00  4.37000000e+00  8.47502137e-01  4.37000000e+00  4.98324769e+00 
 4.37500000e+00  4.37500000e+00  4.37500000e+00  8.46788614e-01  4.37500000e+00  4.98340417e+00 
 4.38000000e+00  4.38000000e+00  4.38000000e+00  8.46077481e-01  4.38000000e+00  4.98355884e+00 
 4.38500000e+00  4.38500000e+00  4.38500000e+00  8.45368723e-01  4.38500000e+00  4.98371172e+00 
 4.39000000e+00  4.39000000e+00  4.39000000e+00  8.44662329e-01  4.39000000e+00  4.98386284e+00 
 4.39500000e+00  4.39500000e+00  4.39500000e+00  8.43958283e-01  4.39500000e+00  4.98401221e+00 
 4.40000000e+00  4.40000000e+00  4.40000000e+00  8.43256574e-01  4.40000000e+00  4.98415987e+00 
 4.40500000e+00  4.40500000e+00  4.40500000e+00  8.42557188e-01  4.40500000e+00  4.98430584e+00 
 4.41000000e+00  4.41000000e+00  4.41000000e+00  8.41860113e-01  4.41000000e+00  4.98445013e+00 
 4.41500000e+00  4.41500000e+00  4.41500000e+00  8.41165336e-01  4.41500000e+00  4.98459277e+00 
 4.42000000e+00  4.42000000e+00  4.42000000e+00  8.40472845e-01  4.42000000e+00  4.98473378e+00 
 4.42500000e+00  4.42500000e+00  4.42500000e+00  8.39782627e-01  4.42500000e+00  4.98487318e+00 
 4.43000000e+00  4.43000000e+00  4.43000000e+00  8.39094670e-01  4.43000000e+00  4.98501100e+00 
 4.43500000e+00  4.43500000e+00  4.43500000e+00  8.38408962e-01  4.43500000e+00  4.98514725e+00 
 4.44000000e+00  4.44000000e+00  4.44000000e+00  8.37725492e-01  4.44000000e+00  4.98528195e+00 
 4.44500000e+00  4.44500000e+00  4.44500000e+00  8.37044248e-01  4.44500000e+00  4.98541512e+00 
 4.45000000e+00  4.45000000e+00  4.45000000e+00  8.36365218e-01  4.45000000e+00  4.98554679e+00 
 4.45500000e+00  4.45500000e+00  4.45500000e+00  8.35688391e-01  4.45500000e+00  4.98567697e+00 
 4.46000000e+00  4.46000000e+00  4.46000000e+00  8.35013755e-01  4.46000000e+00  4.98580568e+00 
 4.46500000e+00  4.46500000e+00  4.46500000e+00  8.34341299e-01  4.46500000e+00  4.98593293e+00 
 4.47000000e+00  4.47000000e+00  4.47000000e+00  8.33671013e-01  4.47000000e+00  4.98605876e+00 
 4.47500000e+00  4.47500000e+00  4.47500000e+00  8.33002885e-01  4.47500000e+00  4.98618318e+00 
 4.48000000e+00  4.48000000e+00  4.48000000e+00  8.32336904e-01  4.48000000e+00  4.98630619e+00 
 4.48500000e+00  4.48500000e+00  4.48500000e+00  8.31673059e-01  4.48500000e+00  4.98642784e+00 
 4.49000000e+00  4.49000000e+00  4.49000000e+00  8.31011340e-01  4.49000000e+00  4.98654812e+00 
 4.49500000e+00  4.49500000e+00  4.49500000e+00  8.30351736e-01  4.49500000e+00  4.98666705e+00 
 4.50000000e+00  4.50000000e+00  4.50000000e+00  8.29694237e-01  4.50000000e+00  4.98678467e+00 
 4.50500000e+00  4.50500000e+00  4.50500000e+00  8.29038832e-01  4.50500000e+00  4.98690097e+00 
 4.51000000e+00  4.51000000e+00  4.51000000e+00  8.28385511e-01  4.51000000e+00  4.98701598e+00 
 4.51500000e+00  4.51500000e+00  4.51500000e+00  8.27734263e-01  4.51500000e+00  4.98712972e+00 
 4.52000000e+00  4.52000000e+00  4.52000000e+00  8.27085080e-01  4.52000000e+00  4.98724219e+00 
 4.52500000e+00  4.52500000e+00  4.52500000e+00  8.26437949e-01  4.52500000e+00  4.98735343e+00 
 4.53000000e+00  4.53000000e+00  4.53000000e+00  8.25792862e-01  4.53000000e+00  4.98746343e+00 
 4.53500000e+00  4.53500000e+00  4.53500000e+00  8.25149809e-01  4.53500000e+00  4.98757222e+00 
 4.54000000e+00  4.54000000e+00  4.54000000e+00  8.24508780e-01  4.54000000e+00  4.98767981e+00 
 4.54500000e+00  4.54500000e+00  4.54500000e+00  8.23869764e-01  4.54500000e+00  4.98778623e+00 
 4.55000000e+00  4.55000000e+00  4.55000000e+00  8.23232753e-01  4.55000000e+00  4.98789147e+00 
 4.55500000e+00  4.55500000e+00  4.55500000e+00  8.22597737e-01  4.55500000e+00  4.98799556e+00 
 4.56000000e+00  4.56000000e+00  4.56000000e+00  8.21964706e-01  4.56000000e+00  4.98809851e+00 
 4.56500000e+00  4.56500000e+00  4.56500000e+00  8.21333651e-01  4.56500000e+00  4.98820034e+00 
 4.57000000e+00  4.57000000e+00  4.57000000e+00  8.20704562e-01  4.57000000e+00  4.98830106e+00 
 4.57500000e+00  4.57500000e+00  4.57500000e+00  8.20077430e-01  4.57500000e+00  4.98840068e+00 
 4.58000000e+00  4.58000000e+00  4.58000000e+00  8.19452246e-01  4.58000000e+00  4.98849922e+00 
 4.58500000e+00  4.58500000e+00  4.58500000e+00  8.18829001e-01  4.58500000e+00  4.98859669e+00 
 4.59000000e+00  4.59000000e+00  4.59000000e+00  8.18207686e-01  4.59000000e+00  4.98869310e+00 
 4.59500000e+00  4.59500000e+00  4.59500000e+00  8.17588291e-01  4.59500000e+00  4.98878847e+00 
 4.60000000e+00  4.60000000e+00  4.60000000e+00  8.16970807e-01  4.60000000e+00  4.98888281e+00 
 4.60500000e+00  4.60500000e+00  4.60500000e+00  8.16355227e-01  4.60500000e+00  4.98897614e+00 
 4.61000000e+00  4.61000000e+00  4.61000000e+00  8.15741540e-01  4.61000000e+00  4.98906846e+00 
 4.61500000e+00  4.61500000e+00  4.61500000e+00  8.15129738e-01  4.61500000e+00  4.98915978e+00 
 4.62000000e+00  4.62000000e+00  4.62000000e+00  8.14519812e-01  4.62000000e+00  4.98925013e+00 
 4.62500000e+00  4.62500000e+00  4.62500000e+00  8.13911754e-01  4.62500000e+00  4.98933951e+00 
 4.63000000e+00  4.63000000e+00  4.63000000e+00  8.13305556e-01  4.63000000e+00  4.98942794e+00 
 4.63500000e+00  4.63500000e+00  4.63500000e+00  8.12701207e-01  4.63500000e+00  4.98951542e+00 
 4.64000000e+00  4.64000000e+00  4.64000000e+00  8.12098701e-01  4.64000000e+00  4.98960196e+00 
 4.64500000e+00  4.64500000e+00  4.64500000e+00  8.11498028e-01  4.64500000e+00  4.98968759e+00 
 4.65000000e+00  4.65000000e+00  4.65000000e+00  8.10899181e-01  4.65000000e+00  4.98977231e+00 
 4.65500000e+00  4.65500000e+00  4.65500000e+00  8.10302150e-01  4.65500000e+00  4.98985613e+00 
 4.66000000e+00  4.66000000e+00  4.66000000e+00  8.09706928e-01  4.66000000e+00  4.98993906e+00 
 4.66500000e+00  4.66500000e+00  4.66500000e+00  8.09113506e-01  4.66500000e+00  4.99002111e+00 
 4.67000000e+00  4.67000000e+00  4.67000000e+00  8.08521877e-01  4.67000000e+00  4.99010230e+00 
 4.67500000e+00  4.67500000e+00  4.67500000e+00  8.07932032e-01  4.67500000e+00  4.99018264e+00 
 4.68000000e+00  4.68000000e+00  4.68000000e+00  8.07343962e-01  4.68000000e+00  4.99026213e+00 
 4.68500000e+00  4.68500000e+00  4.68500000e+00  8.06757661e-01  4.68500000e+00  4.99034078e+00 
 4.69000000e+00  4.69000000e+00  4.69000000e+00  8.06173120e-01  4.69000000e+00  4.99041861e+00 
 4.69500000e+00  4.69500000e+00  4.69500000e+00  8.05590332e-01  4.69500000e+00  4.99049562e+00 
 4.70000000e+00  4.70000000e+00  4.70000000e+00  8.05009287e-01  4.70000000e+00  4.99057183e+00 
 4.70500000e+00  4.70500000e+00  4.70500000e+00  8.04429980e-01  4.70500000e+00  4.99064725e+00 
 4.71000000e+00  4.71000000e+00  4.71000000e+00  8.03852401e-01  4.71000000e+00  4.99072188e+00 
 4.71500000e+00  4.71500000e+00  4.71500000e+00  8.03276543e-01  4.71500000e+00  4.99079574e+00 
 4.72000000e+00  4.72000000e+00  4.72000000e+00  8.02702399e-01  4.72000000e+00  4.99086882e+00 
 4.72500000e+00  4.72500000e+00  4.72500000e+00  8.02129961e-01  4.72500000e+00  4.99094116e+00 
 4.73000000e+00  4.73000000e+00  4.73000000e+00  8.01559222e-01  4.73000000e+00  4.99101274e+00 
 4.73500000e+00  4.73500000e+00  4.73500000e+00  8.00990173e-01  4.73500000e+00  4.99108358e+00 
 4.74000000e+00  4.74000000e+00  4.74000000e+00  8.00422807e-01  4.74000000e+00  4.99115370e+00 
 4.74500000e+00  4.74500000e+00  4.74500000e+00  7.99857118e-01  4.74500000e+00  4.99122309e+00 
 4.75000000e+00  4.75000000e+00  4.75000000e+00  7.99293097e-01  4.75000000e+00  4.99129177e+00 
 4.75500000e+00  4.75500000e+00  4.75500000e+00  7.98730738e-01  4.75500000e+00  4.99135975e+00 
 4.76000000e+00  4.76000000e+00  4.76000000e+00  7.98170033e-01  4.76000000e+00  4.99142703e+00 
 4.76500000e+00  4.76500000e+00  4.76500000e+00  7.97610975e-01  4.76500000e+00  4.99149362e+00 
 4.77000000e+00  4.77000000e+00  4.77000000e+00  7.97053556e-01  4.77000000e+00  4.99155953e+00 
 4.77500000e+00  4.77500000e+00  4.77500000e+00  7.96497770e-01  4.77500000e+00  4.99162478e+00 
 4.78000000e+00  4.78000000e+00  4.78000000e+00  7.95943610e-01  4.78000000e+00  4.99168936e+00 
 4.78500000e+00  4.78500000e+00  4.78500000e+00  7.95391067e-01  4.78500000e+00  4.99175328e+00 
 4.79000000e+00  4.79000000e+00  4.79000000e+00  7.94840137e-01  4.79000000e+00  4.99181656e+00 
 4.79500000e+00  4.79500000e+00  4.79500000e+00  7.94290810e-01  4.79500000e+00  4.99187919e+00 
 4.80000000e+00  4.80000000e+00  4.80000000e+00  7.93743082e-01  4.80000000e+00  4.99194120e+00 
 4.80500000e+00  4.80500000e+00  4.80500000e+00  7.93196944e-01  4.80500000e+00  4.99200258e+00 
 4.81000000e+00  4.81000000e+00  4.81000000e+00  7.92652389e-01  4.81000000e+00  4.99206334e+00 
 4.81500000e+00  4.81500000e+00  4.81500000e+00  7.92109412e-01  4.81500000e+00  4.99212349e+00 
 4.82000000e+00  4.82000000e+00  4.82000000e+00  7.91568005e-01  4.82000000e+00  4.99218304e+00 
 4.82500000e+00  4.82500000e+00  4.82500000e+00  7.91028162e-01  4.82500000e+00  4.99224199e+00 
 4.83000000e+00  4.83000000e+00  4.83000000e+00  7.90489875e-01  4.83000000e+00  4.99230036e+00 
 4.83500000e+00  4.83500000e+00  4.83500000e+00  7.89953139e-01  4.83500000e+00  4.99235814e+00 
 4.84000000e+00  4.84000000e+00  4.84000000e+00  7.89417946e-01  4.84000000e+00  4.99241535e+00 
 4.84500000e+00  4.84500000e+00  4.84500000e+00  7.88884291e-01  4.84500000e+00  4.99247199e+00 
 4.85000000e+00  4.85000000e+00  4.85000000e+00  7.88352166e-01  4.85000000e+00  4.99252807e+00 
 4.85500000e+00  4.85500000e+00  4.85500000e+00  7.87821565e-01  4.85500000e+00  4.99258359e+00 
 4.86000000e+00  4.86000000e+00  4.86000000e+00  7.87292482e-01  4.86000000e+00  4.99263856e+00 
 4.86500000e+00  4.86500000e+00  4.86500000e+00  7.86764910e-01  4.86500000e+00  4.99269299e+00 
 4.87000000e+00  4.87000000e+00  4.87000000e+00  7.86238843e-01  4.87000000e+00  4.99274689e+00 
 4.87500000e+00  4.87500000e+00  4.87500000e+00  7.85714274e-01  4.87500000e+00  4.99280025e+00 
 4.88000000e+00  4.88000000e+00  4.88000000e+00  7.85191198e-01  4.88000000e+00  4.99285309e+00 
 4.88500000e+00  4.88500000e+00  4.88500000e+00  7.84669608e-01  4.88500000e+00  4.99290542e+00 
 4.89000000e+00  4.89000000e+00  4.89000000e+00  7.84149498e-01  4.89000000e+00  4.99295723e+00 
 4.89500000e+00  4.89500000e+00  4.89500000e+00  7.83630861e-01  4.89500000e+00  4.99300854e+00 
 4.90000000e+00  4.90000000e+00  4.90000000e+00  7.83113692e-01  4.90000000e+00  4.99305934e+00 
 4.90500000e+00  4.90500000e+00  4.90500000e+00  7.82597984e-01  4.90500000e+00  4.99310966e+00 
 4.91000000e+00  4.91000000e+00  4.91000000e+00  7.82083732e-01  4.91000000e+00  4.99315948e+00 
 4.91500000e+00  4.91500000e+00  4.91500000e+00  7.81570929e-01  4.91500000e+00  4.99320882e+00 
 4.92000000e+00  4.92000000e+00  4.92000000e+00  7.81059569e-01  4.92000000e+00  4.99325769e+00 
 4.92500000e+00  4.92500000e+00  4.92500000e+00  7.80549647e-01  4.92500000e+00  4.99330608e+00 
 4.93000000e+00  4.93000000e+00  4.93000000e+00  7.80041156e-01  4.93000000e+00  4.99335400e+00 
 4.93500000e+00  4.93500000e+00  4.93500000e+00  7.79534091e-01  4.93500000e+00  4.99340147e+00 
 4.94000000e+00  4.94000000e+00  4.94000000e+00  7.79028445e-01  4.94000000e+00  4.99344848e+00 
 4.94500000e+00  4.94500000e+00  4.94500000e+00  7.78524213e-01  4.94500000e+00  4.99349504e+00 
 4.95000000e+00  4.95000000e+00  4.95000000e+00  7.78021389e-01  4.95000000e+00  4.99354115e+00 
 4.95500000e+00  4.95500000e+00  4.95500000e+00  7.77519967e-01  4.95500000e+00  4.99358682e+00 
 4.96000000e+00  4.96000000e+00  4.96000000e+00  7.77019942e-01  4.96000000e+00  4.99363206e+00 
 4.96500000e+00  4.96500000e+00  4.96500000e+00  7.76521308e-01  4.96500000e+00  4.99367686e+00 
 4.97000000e+00  4.97000000e+00  4.97000000e+00  7.76024059e-01  4.97000000e+00  4.99372125e+00 
 4.97500000e+00  4.97500000e+00  4.97500000e+00  7.75528189e-01  4.97500000e+00  4.99376521e+00 
 4.98000000e+00  4.98000000e+00  4.98000000e+00  7.75033694e-01  4.98000000e+00  4.99380875e+00 
 4.98500000e+00  4.98500000e+00  4.98500000e+00  7.74540566e-01  4.98500000e+00  4.99385188e+00 
 4.99000000e+00  4.99000000e+00  4.99000000e+00  7.74048802e-01  4.99000000e+00  4.99389461e+00 
 4.99500000e+00  4.99500000e+00  4.99500000e+00  7.73558395e-01  4.99500000e+00  4.99393693e+00 
 5.00000000e+00  5.00000000e+00  5.00000000e+00  7.73069340e-01  5.00000000e+00  4.99397886e+00 
