 0.00000000e+00  0.00000000e+00  0.00000000e+00  4.99999990e+00 
 5.00000000e-03  5.00000000e-03  5.00000000e-03  4.99999989e+00 
 1.00000000e-02  1.00000000e-02  1.00000000e-02  4.99999989e+00 
 1.50000000e-02  1.50000000e-02  1.50000000e-02  4.99999988e+00 
 2.00000000e-02  2.00000000e-02  2.00000000e-02  4.99999987e+00 
 2.50000000e-02  2.50000000e-02  2.50000000e-02  4.99999987e+00 
 3.00000000e-02  3.00000000e-02  3.00000000e-02  4.99999986e+00 
 3.50000000e-02  3.50000000e-02  3.50000000e-02  4.99999985e+00 
 4.00000000e-02  4.00000000e-02  4.00000000e-02  4.99999984e+00 
 4.50000000e-02  4.50000000e-02  4.50000000e-02  4.99999983e+00 
 5.00000000e-02  5.00000000e-02  5.00000000e-02  4.99999983e+00 
 5.50000000e-02  5.50000000e-02  5.50000000e-02  4.99999981e+00 
 6.00000000e-02  6.00000000e-02  6.00000000e-02  4.99999980e+00 
 6.50000000e-02  6.50000000e-02  6.50000000e-02  4.99999979e+00 
 7.00000000e-02  7.00000000e-02  7.00000000e-02  4.99999978e+00 
 7.50000000e-02  7.50000000e-02  7.50000000e-02  4.99999976e+00 
 8.00000000e-02  8.00000000e-02  8.00000000e-02  4.99999975e+00 
 8.50000000e-02  8.50000000e-02  8.50000000e-02  4.99999973e+00 
 9.00000000e-02  9.00000000e-02  9.00000000e-02  4.99999971e+00 
 9.50000000e-02  9.50000000e-02  9.50000000e-02  4.99999969e+00 
 1.00000000e-01  1.00000000e-01  1.00000000e-01  4.99999967e+00 
 1.05000000e-01  1.05000000e-01  1.05000000e-01  4.99999965e+00 
 1.10000000e-01  1.10000000e-01  1.10000000e-01  4.99999963e+00 
 1.15000000e-01  1.15000000e-01  1.15000000e-01  4.99999960e+00 
 1.20000000e-01  1.20000000e-01  1.20000000e-01  4.99999957e+00 
 1.25000000e-01  1.25000000e-01  1.25000000e-01  4.99999954e+00 
 1.30000000e-01  1.30000000e-01  1.30000000e-01  4.99999951e+00 
 1.35000000e-01  1.35000000e-01  1.35000000e-01  4.99999947e+00 
 1.40000000e-01  1.40000000e-01  1.40000000e-01  4.99999944e+00 
 1.45000000e-01  1.45000000e-01  1.45000000e-01  4.99999939e+00 
 1.50000000e-01  1.50000000e-01  1.50000000e-01  4.99999935e+00 
 1.55000000e-01  1.55000000e-01  1.55000000e-01  4.99999930e+00 
 1.60000000e-01  1.60000000e-01  1.60000000e-01  4.99999925e+00 
 1.65000000e-01  1.65000000e-01  1.65000000e-01  4.99999919e+00 
 1.70000000e-01  1.70000000e-01  1.70000000e-01  4.99999913e+00 
 1.75000000e-01  1.75000000e-01  1.75000000e-01  4.99999907e+00 
 1.80000000e-01  1.80000000e-01  1.80000000e-01  4.99999900e+00 
 1.85000000e-01  1.85000000e-01  1.85000000e-01  4.99999892e+00 
 1.90000000e-01  1.90000000e-01  1.90000000e-01  4.99999884e+00 
 1.95000000e-01  1.95000000e-01  1.95000000e-01  4.99999875e+00 
 2.00000000e-01  2.00000000e-01  2.00000000e-01  4.99999866e+00 
 2.05000000e-01  2.05000000e-01  2.05000000e-01  4.99999855e+00 
 2.10000000e-01  2.10000000e-01  2.10000000e-01  4.99999844e+00 
 2.15000000e-01  2.15000000e-01  2.15000000e-01  4.99999832e+00 
 2.20000000e-01  2.20000000e-01  2.20000000e-01  4.99999819e+00 
 2.25000000e-01  2.25000000e-01  2.25000000e-01  4.99999805e+00 
 2.30000000e-01  2.30000000e-01  2.30000000e-01  4.99999790e+00 
 2.35000000e-01  2.35000000e-01  2.35000000e-01  4.99999774e+00 
 2.40000000e-01  2.40000000e-01  2.40000000e-01  4.99999757e+00 
 2.45000000e-01  2.45000000e-01  2.45000000e-01  4.99999738e+00 
 2.50000000e-01  2.50000000e-01  2.50000000e-01  4.99999717e+00 
 2.55000000e-01  2.55000000e-01  2.55000000e-01  4.99999696e+00 
 2.60000000e-01  2.60000000e-01  2.60000000e-01  4.99999672e+00 
 2.65000000e-01  2.65000000e-01  2.65000000e-01  4.99999646e+00 
 2.70000000e-01  2.70000000e-01  2.70000000e-01  4.99999619e+00 
 2.75000000e-01  2.75000000e-01  2.75000000e-01  4.99999589e+00 
 2.80000000e-01  2.80000000e-01  2.80000000e-01  4.99999557e+00 
 2.85000000e-01  2.85000000e-01  2.85000000e-01  4.99999523e+00 
 2.90000000e-01  2.90000000e-01  2.90000000e-01  4.99999486e+00 
 2.95000000e-01  2.95000000e-01  2.95000000e-01  4.99999446e+00 
 3.00000000e-01  3.00000000e-01  3.00000000e-01  4.99999402e+00 
 3.05000000e-01  3.05000000e-01  3.05000000e-01  4.99999356e+00 
 3.10000000e-01  3.10000000e-01  3.10000000e-01  4.99999306e+00 
 3.15000000e-01  3.15000000e-01  3.15000000e-01  4.99999252e+00 
 3.20000000e-01  3.20000000e-01  3.20000000e-01  4.99999193e+00 
 3.25000000e-01  3.25000000e-01  3.25000000e-01  4.99999130e+00 
 3.30000000e-01  3.30000000e-01  3.30000000e-01  4.99999063e+00 
 3.35000000e-01  3.35000000e-01  3.35000000e-01  4.99998990e+00 
 3.40000000e-01  3.40000000e-01  3.40000000e-01  4.99998911e+00 
 3.45000000e-01  3.45000000e-01  3.45000000e-01  4.99998826e+00 
 3.50000000e-01  3.50000000e-01  3.50000000e-01  4.99998735e+00 
 3.55000000e-01  3.55000000e-01  3.55000000e-01  4.99998636e+00 
 3.60000000e-01  3.60000000e-01  3.60000000e-01  4.99998530e+00 
 3.65000000e-01  3.65000000e-01  3.65000000e-01  4.99998416e+00 
 3.70000000e-01  3.70000000e-01  3.70000000e-01  4.99998293e+00 
 3.75000000e-01  3.75000000e-01  3.75000000e-01  4.99998161e+00 
 3.80000000e-01  3.80000000e-01  3.80000000e-01  4.99998018e+00 
 3.85000000e-01  3.85000000e-01  3.85000000e-01  4.99997864e+00 
 3.90000000e-01  3.90000000e-01  3.90000000e-01  4.99997699e+00 
 3.95000000e-01  3.95000000e-01  3.95000000e-01  4.99997521e+00 
 4.00000000e-01  4.00000000e-01  4.00000000e-01  4.99997329e+00 
 4.05000000e-01  4.05000000e-01  4.05000000e-01  4.99997122e+00 
 4.10000000e-01  4.10000000e-01  4.10000000e-01  4.99996900e+00 
 4.15000000e-01  4.15000000e-01  4.15000000e-01  4.99996660e+00 
 4.20000000e-01  4.20000000e-01  4.20000000e-01  4.99996403e+00 
 4.25000000e-01  4.25000000e-01  4.25000000e-01  4.99996125e+00 
 4.30000000e-01  4.30000000e-01  4.30000000e-01  4.99995827e+00 
 4.35000000e-01  4.35000000e-01  4.35000000e-01  4.99995506e+00 
 4.40000000e-01  4.40000000e-01  4.40000000e-01  4.99995160e+00 
 4.45000000e-01  4.45000000e-01  4.45000000e-01  4.99994788e+00 
 4.50000000e-01  4.50000000e-01  4.50000000e-01  4.99994388e+00 
 4.55000000e-01  4.55000000e-01  4.55000000e-01  4.99993958e+00 
 4.60000000e-01  4.60000000e-01  4.60000000e-01  4.99993495e+00 
 4.65000000e-01  4.65000000e-01  4.65000000e-01  4.99992997e+00 
 4.70000000e-01  4.70000000e-01  4.70000000e-01  4.99992462e+00 
 4.75000000e-01  4.75000000e-01  4.75000000e-01  4.99991886e+00 
 4.80000000e-01  4.80000000e-01  4.80000000e-01  4.99991267e+00 
 4.85000000e-01  4.85000000e-01  4.85000000e-01  4.99990602e+00 
 4.90000000e-01  4.90000000e-01  4.90000000e-01  4.99989886e+00 
 4.95000000e-01  4.95000000e-01  4.95000000e-01  4.99989117e+00 
 5.00000000e-01  5.00000000e-01  5.00000000e-01  4.99988290e+00 
 5.05000000e-01  5.05000000e-01  5.05000000e-01  4.99987401e+00 
 5.10000000e-01  5.10000000e-01  5.10000000e-01  4.99986445e+00 
 5.15000000e-01  5.15000000e-01  5.15000000e-01  4.99985418e+00 
 5.20000000e-01  5.20000000e-01  5.20000000e-01  4.99984315e+00 
 5.25000000e-01  5.25000000e-01  5.25000000e-01  4.99983129e+00 
 5.30000000e-01  5.30000000e-01  5.30000000e-01  4.99981855e+00 
 5.35000000e-01  5.35000000e-01  5.35000000e-01  4.99980486e+00 
 5.40000000e-01  5.40000000e-01  5.40000000e-01  4.99979015e+00 
 5.45000000e-01  5.45000000e-01  5.45000000e-01  4.99977434e+00 
 5.50000000e-01  5.50000000e-01  5.50000000e-01  4.99975736e+00 
 5.55000000e-01  5.55000000e-01  5.55000000e-01  4.99973912e+00 
 5.60000000e-01  5.60000000e-01  5.60000000e-01  4.99971952e+00 
 5.65000000e-01  5.65000000e-01  5.65000000e-01  4.99969847e+00 
 5.70000000e-01  5.70000000e-01  5.70000000e-01  4.99967586e+00 
 5.75000000e-01  5.75000000e-01  5.75000000e-01  4.99965156e+00 
 5.80000000e-01  5.80000000e-01  5.80000000e-01  4.99962546e+00 
 5.85000000e-01  5.85000000e-01  5.85000000e-01  4.99959743e+00 
 5.90000000e-01  5.90000000e-01  5.90000000e-01  4.99956731e+00 
 5.95000000e-01  5.95000000e-01  5.95000000e-01  4.99953496e+00 
 6.00000000e-01  6.00000000e-01  6.00000000e-01  4.99950021e+00 
 6.05000000e-01  6.05000000e-01  6.05000000e-01  4.99946287e+00 
 6.10000000e-01  6.10000000e-01  6.10000000e-01  4.99942275e+00 
 6.15000000e-01  6.15000000e-01  6.15000000e-01  4.99937966e+00 
 6.20000000e-01  6.20000000e-01  6.20000000e-01  4.99933335e+00 
 6.25000000e-01  6.25000000e-01  6.25000000e-01  4.99928360e+00 
 6.30000000e-01  6.30000000e-01  6.30000000e-01  4.99923014e+00 
 6.35000000e-01  6.35000000e-01  6.35000000e-01  4.99917270e+00 
 6.40000000e-01  6.40000000e-01  6.40000000e-01  4.99911097e+00 
 6.45000000e-01  6.45000000e-01  6.45000000e-01  4.99904462e+00 
 6.50000000e-01  6.50000000e-01  6.50000000e-01  4.99897333e+00 
 6.55000000e-01  6.55000000e-01  6.55000000e-01  4.99889670e+00 
 6.60000000e-01  6.60000000e-01  6.60000000e-01  4.99881434e+00 
 6.65000000e-01  6.65000000e-01  6.65000000e-01  4.99872582e+00 
 6.70000000e-01  6.70000000e-01  6.70000000e-01  4.99863067e+00 
 6.75000000e-01  6.75000000e-01  6.75000000e-01  4.99852839e+00 
 6.80000000e-01  6.80000000e-01  6.80000000e-01  4.99841846e+00 
 6.85000000e-01  6.85000000e-01  6.85000000e-01  4.99830029e+00 
 6.90000000e-01  6.90000000e-01  6.90000000e-01  4.99817327e+00 
 6.95000000e-01  6.95000000e-01  6.95000000e-01  4.99803674e+00 
 7.00000000e-01  7.00000000e-01  7.00000000e-01  4.99789000e+00 
 7.05000000e-01  7.05000000e-01  7.05000000e-01  4.99773229e+00 
 7.10000000e-01  7.10000000e-01  7.10000000e-01  4.99756281e+00 
 7.15000000e-01  7.15000000e-01  7.15000000e-01  4.99738070e+00 
 7.20000000e-01  7.20000000e-01  7.20000000e-01  4.99718503e+00 
 7.25000000e-01  7.25000000e-01  7.25000000e-01  4.99697484e+00 
 7.30000000e-01  7.30000000e-01  7.30000000e-01  4.99674909e+00 
 7.35000000e-01  7.35000000e-01  7.35000000e-01  4.99650667e+00 
 7.40000000e-01  7.40000000e-01  7.40000000e-01  4.99624642e+00 
 7.45000000e-01  7.45000000e-01  7.45000000e-01  4.99596708e+00 
 7.50000000e-01  7.50000000e-01  7.50000000e-01  4.99566736e+00 
 7.55000000e-01  7.55000000e-01  7.55000000e-01  4.99534586e+00 
 7.60000000e-01  7.60000000e-01  7.60000000e-01  4.99500113e+00 
 7.65000000e-01  7.65000000e-01  7.65000000e-01  4.99463162e+00 
 7.70000000e-01  7.70000000e-01  7.70000000e-01  4.99423573e+00 
 7.75000000e-01  7.75000000e-01  7.75000000e-01  4.99381175e+00 
 7.80000000e-01  7.80000000e-01  7.80000000e-01  4.99335792e+00 
 7.85000000e-01  7.85000000e-01  7.85000000e-01  4.99287237e+00 
 7.90000000e-01  7.90000000e-01  7.90000000e-01  4.99235316e+00 
 7.95000000e-01  7.95000000e-01  7.95000000e-01  4.99179829e+00 
 8.00000000e-01  8.00000000e-01  8.00000000e-01  4.99120566e+00 
 8.05000000e-01  8.05000000e-01  8.05000000e-01  4.99057310e+00 
 8.10000000e-01  8.10000000e-01  8.10000000e-01  4.98989835e+00 
 8.15000000e-01  8.15000000e-01  8.15000000e-01  4.98917911e+00 
 8.20000000e-01  8.20000000e-01  8.20000000e-01  4.98841298e+00 
 8.25000000e-01  8.25000000e-01  8.25000000e-01  4.98759749e+00 
 8.30000000e-01  8.30000000e-01  8.30000000e-01  4.98673014e+00 
 8.35000000e-01  8.35000000e-01  8.35000000e-01  4.98580834e+00 
 8.40000000e-01  8.40000000e-01  8.40000000e-01  4.98482945e+00 
 8.45000000e-01  8.45000000e-01  8.45000000e-01  4.98379080e+00 
 8.50000000e-01  8.50000000e-01  8.50000000e-01  4.98268966e+00 
 8.55000000e-01  8.55000000e-01  8.55000000e-01  4.98152326e+00 
 8.60000000e-01  8.60000000e-01  8.60000000e-01  4.98028880e+00 
 8.65000000e-01  8.65000000e-01  8.65000000e-01  4.97898347e+00 
 8.70000000e-01  8.70000000e-01  8.70000000e-01  4.97760442e+00 
 8.75000000e-01  8.75000000e-01  8.75000000e-01  4.97614880e+00 
 8.80000000e-01  8.80000000e-01  8.80000000e-01  4.97461375e+00 
 8.85000000e-01  8.85000000e-01  8.85000000e-01  4.97299642e+00 
 8.90000000e-01  8.90000000e-01  8.90000000e-01  4.97129397e+00 
 8.95000000e-01  8.95000000e-01  8.95000000e-01  4.96950356e+00 
 9.00000000e-01  9.00000000e-01  9.00000000e-01  4.96762239e+00 
 9.05000000e-01  9.05000000e-01  9.05000000e-01  4.96564768e+00 
 9.10000000e-01  9.10000000e-01  9.10000000e-01  4.96357669e+00 
 9.15000000e-01  9.15000000e-01  9.15000000e-01  4.96140672e+00 
 9.20000000e-01  9.20000000e-01  9.20000000e-01  4.95913513e+00 
 9.25000000e-01  9.25000000e-01  9.25000000e-01  4.95675932e+00 
 9.30000000e-01  9.30000000e-01  9.30000000e-01  4.95427675e+00 
 9.35000000e-01  9.35000000e-01  9.35000000e-01  4.95168495e+00 
 9.40000000e-01  9.40000000e-01  9.40000000e-01  4.94898152e+00 
 9.45000000e-01  9.45000000e-01  9.45000000e-01  4.94616412e+00 
 9.50000000e-01  9.50000000e-01  9.50000000e-01  4.94323050e+00 
 9.55000000e-01  9.55000000e-01  9.55000000e-01  4.94017848e+00 
 9.60000000e-01  9.60000000e-01  9.60000000e-01  4.93700595e+00 
 9.65000000e-01  9.65000000e-01  9.65000000e-01  4.93371090e+00 
 9.70000000e-01  9.70000000e-01  9.70000000e-01  4.93029139e+00 
 9.75000000e-01  9.75000000e-01  9.75000000e-01  4.92674557e+00 
 9.80000000e-01  9.80000000e-01  9.80000000e-01  4.92307166e+00 
 9.85000000e-01  9.85000000e-01  9.85000000e-01  4.91926797e+00 
 9.90000000e-01  9.90000000e-01  9.90000000e-01  4.91533291e+00 
 9.95000000e-01  9.95000000e-01  9.95000000e-01  4.91126493e+00 
 1.00000000e+00  1.00000000e+00  1.00000000e+00  4.90706258e+00 
 1.00500000e+00  1.00500000e+00  1.00500000e+00  4.90272449e+00 
 1.01000000e+00  1.01000000e+00  1.01000000e+00  4.89824936e+00 
 1.01500000e+00  1.01500000e+00  1.01500000e+00  4.89363593e+00 
 1.02000000e+00  1.02000000e+00  1.02000000e+00  4.88888305e+00 
 1.02500000e+00  1.02500000e+00  1.02500000e+00  4.88398960e+00 
 1.03000000e+00  1.03000000e+00  1.03000000e+00  4.87895452e+00 
 1.03500000e+00  1.03500000e+00  1.03500000e+00  4.87377681e+00 
 1.04000000e+00  1.04000000e+00  1.04000000e+00  4.86845552e+00 
 1.04500000e+00  1.04500000e+00  1.04500000e+00  4.86298972e+00 
 1.05000000e+00  1.05000000e+00  1.05000000e+00  4.85737855e+00 
 1.05500000e+00  1.05500000e+00  1.05500000e+00  4.85162116e+00 
 1.06000000e+00  1.06000000e+00  1.06000000e+00  4.84571672e+00 
 1.06500000e+00  1.06500000e+00  1.06500000e+00  4.83966444e+00 
 1.07000000e+00  1.07000000e+00  1.07000000e+00  4.83346354e+00 
 1.07500000e+00  1.07500000e+00  1.07500000e+00  4.82711323e+00 
 1.08000000e+00  1.08000000e+00  1.08000000e+00  4.82061276e+00 
 1.08500000e+00  1.08500000e+00  1.08500000e+00  4.81396134e+00 
 1.09000000e+00  1.09000000e+00  1.09000000e+00  4.80715820e+00 
 1.09500000e+00  1.09500000e+00  1.09500000e+00  4.80020253e+00 
 1.10000000e+00  1.10000000e+00  1.10000000e+00  4.79309353e+00 
 1.10500000e+00  1.10500000e+00  1.10500000e+00  4.78583036e+00 
 1.11000000e+00  1.11000000e+00  1.11000000e+00  4.77841213e+00 
 1.11500000e+00  1.11500000e+00  1.11500000e+00  4.77083795e+00 
 1.12000000e+00  1.12000000e+00  1.12000000e+00  4.76310686e+00 
 1.12500000e+00  1.12500000e+00  1.12500000e+00  4.75521786e+00 
 1.13000000e+00  1.13000000e+00  1.13000000e+00  4.74716989e+00 
 1.13500000e+00  1.13500000e+00  1.13500000e+00  4.73896184e+00 
 1.14000000e+00  1.14000000e+00  1.14000000e+00  4.73059251e+00 
 1.14500000e+00  1.14500000e+00  1.14500000e+00  4.72206066e+00 
 1.15000000e+00  1.15000000e+00  1.15000000e+00  4.71336495e+00 
 1.15500000e+00  1.15500000e+00  1.15500000e+00  4.70450395e+00 
 1.16000000e+00  1.16000000e+00  1.16000000e+00  4.69547616e+00 
 1.16500000e+00  1.16500000e+00  1.16500000e+00  4.68627995e+00 
 1.17000000e+00  1.17000000e+00  1.17000000e+00  4.67691362e+00 
 1.17500000e+00  1.17500000e+00  1.17500000e+00  4.66737535e+00 
 1.18000000e+00  1.18000000e+00  1.18000000e+00  4.65766317e+00 
 1.18500000e+00  1.18500000e+00  1.18500000e+00  4.64777503e+00 
 1.19000000e+00  1.19000000e+00  1.19000000e+00  4.63770872e+00 
 1.19500000e+00  1.19500000e+00  1.19500000e+00  4.62746190e+00 
 1.20000000e+00  1.20000000e+00  1.20000000e+00  4.61703206e+00 
 1.20500000e+00  1.20500000e+00  1.20500000e+00  4.60641656e+00 
 1.21000000e+00  1.21000000e+00  1.21000000e+00  4.59561257e+00 
 1.21500000e+00  1.21500000e+00  1.21500000e+00  4.58461709e+00 
 1.22000000e+00  1.22000000e+00  1.22000000e+00  4.57342693e+00 
 1.22500000e+00  1.22500000e+00  1.22500000e+00  4.56203872e+00 
 1.23000000e+00  1.23000000e+00  1.23000000e+00  4.55044883e+00 
 1.23500000e+00  1.23500000e+00  1.23500000e+00  4.53865346e+00 
 1.24000000e+00  1.24000000e+00  1.24000000e+00  4.52664854e+00 
 1.24500000e+00  1.24500000e+00  1.24500000e+00  4.51442975e+00 
 1.25000000e+00  1.25000000e+00  1.25000000e+00  4.50199250e+00 
 1.25500000e+00  1.25500000e+00  1.25500000e+00  4.48933190e+00 
 1.26000000e+00  1.26000000e+00  1.26000000e+00  4.47644279e+00 
 1.26500000e+00  1.26500000e+00  1.26500000e+00  4.46331963e+00 
 1.27000000e+00  1.27000000e+00  1.27000000e+00  4.44995655e+00 
 1.27500000e+00  1.27500000e+00  1.27500000e+00  4.43634732e+00 
 1.28000000e+00  1.28000000e+00  1.28000000e+00  4.42248526e+00 
 1.28500000e+00  1.28500000e+00  1.28500000e+00  4.40836329e+00 
 1.29000000e+00  1.29000000e+00  1.29000000e+00  4.39397382e+00 
 1.29500000e+00  1.29500000e+00  1.29500000e+00  4.37930878e+00 
 1.30000000e+00  1.30000000e+00  1.30000000e+00  4.36435953e+00 
 1.30500000e+00  1.30500000e+00  1.30500000e+00  4.34911682e+00 
 1.31000000e+00  1.31000000e+00  1.31000000e+00  4.33357076e+00 
 1.31500000e+00  1.31500000e+00  1.31500000e+00  4.31771072e+00 
 1.32000000e+00  1.32000000e+00  1.32000000e+00  4.30152530e+00 
 1.32500000e+00  1.32500000e+00  1.32500000e+00  4.28500224e+00 
 1.33000000e+00  1.33000000e+00  1.33000000e+00  4.26812833e+00 
 1.33500000e+00  1.33500000e+00  1.33500000e+00  4.25088931e+00 
 1.34000000e+00  1.34000000e+00  1.34000000e+00  4.23326977e+00 
 1.34500000e+00  1.34500000e+00  1.34500000e+00  4.21525301e+00 
 1.35000000e+00  1.35000000e+00  1.35000000e+00  4.19682090e+00 
 1.35500000e+00  1.35500000e+00  1.35500000e+00  4.17795370e+00 
 1.36000000e+00  1.36000000e+00  1.36000000e+00  4.15862988e+00 
 1.36500000e+00  1.36500000e+00  1.36500000e+00  4.13882588e+00 
 1.37000000e+00  1.37000000e+00  1.37000000e+00  4.11851583e+00 
 1.37500000e+00  1.37500000e+00  1.37500000e+00  4.09767126e+00 
 1.38000000e+00  1.38000000e+00  1.38000000e+00  4.07626071e+00 
 1.38500000e+00  1.38500000e+00  1.38500000e+00  4.05424926e+00 
 1.39000000e+00  1.39000000e+00  1.39000000e+00  4.03159804e+00 
 1.39500000e+00  1.39500000e+00  1.39500000e+00  4.00826353e+00 
 1.40000000e+00  1.40000000e+00  1.40000000e+00  3.98419681e+00 
 1.40500000e+00  1.40500000e+00  1.40500000e+00  3.95934253e+00 
 1.41000000e+00  1.41000000e+00  1.41000000e+00  3.93363774e+00 
 1.41500000e+00  1.41500000e+00  1.41500000e+00  3.90701033e+00 
 1.42000000e+00  1.42000000e+00  1.42000000e+00  3.87937708e+00 
 1.42500000e+00  1.42500000e+00  1.42500000e+00  3.85064118e+00 
 1.43000000e+00  1.43000000e+00  1.43000000e+00  3.82068893e+00 
 1.43500000e+00  1.43500000e+00  1.43500000e+00  3.78938539e+00 
 1.44000000e+00  1.44000000e+00  1.44000000e+00  3.75656845e+00 
 1.44500000e+00  1.44500000e+00  1.44500000e+00  3.72204075e+00 
 1.45000000e+00  1.45000000e+00  1.45000000e+00  3.68555812e+00 
 1.45500000e+00  1.45500000e+00  1.45500000e+00  3.64681289e+00 
 1.46000000e+00  1.46000000e+00  1.46000000e+00  3.60540887e+00 
 1.46500000e+00  1.46500000e+00  1.46500000e+00  3.56082258e+00 
 1.47000000e+00  1.47000000e+00  1.47000000e+00  3.51234044e+00 
 1.47500000e+00  1.47500000e+00  1.47500000e+00  3.45895227e+00 
 1.48000000e+00  1.48000000e+00  1.48000000e+00  3.39915973e+00 
 1.48500000e+00  1.48500000e+00  1.48500000e+00  3.33060912e+00 
 1.49000000e+00  1.49000000e+00  1.49000000e+00  3.24933974e+00 
 1.49500000e+00  1.49500000e+00  1.49500000e+00  3.14818426e+00 
 1.50000000e+00  1.50000000e+00  1.50000000e+00  3.01375053e+00 
 1.50500000e+00  1.50500000e+00  1.50500000e+00  2.82557781e+00 
 1.51000000e+00  1.51000000e+00  1.51000000e+00  2.57775709e+00 
 1.51500000e+00  1.51500000e+00  1.51500000e+00  2.30123116e+00 
 1.52000000e+00  1.52000000e+00  1.52000000e+00  2.02288283e+00 
 1.52500000e+00  1.52500000e+00  1.52500000e+00  1.75614756e+00 
 1.53000000e+00  1.53000000e+00  1.53000000e+00  1.51024552e+00 
 1.53500000e+00  1.53500000e+00  1.53500000e+00  1.29220280e+00 
 1.54000000e+00  1.54000000e+00  1.54000000e+00  1.10649976e+00 
 1.54500000e+00  1.54500000e+00  1.54500000e+00  9.55314477e-01 
 1.55000000e+00  1.55000000e+00  1.55000000e+00  8.35105970e-01 
 1.55500000e+00  1.55500000e+00  1.55500000e+00  7.42635954e-01 
 1.56000000e+00  1.56000000e+00  1.56000000e+00  6.73248174e-01 
 1.56500000e+00  1.56500000e+00  1.56500000e+00  6.21793691e-01 
 1.57000000e+00  1.57000000e+00  1.57000000e+00  5.82656571e-01 
 1.57500000e+00  1.57500000e+00  1.57500000e+00  5.52840905e-01 
 1.58000000e+00  1.58000000e+00  1.58000000e+00  5.28779850e-01 
 1.58500000e+00  1.58500000e+00  1.58500000e+00  5.08590753e-01 
 1.59000000e+00  1.59000000e+00  1.59000000e+00  4.91225876e-01 
 1.59500000e+00  1.59500000e+00  1.59500000e+00  4.75981375e-01 
 1.60000000e+00  1.60000000e+00  1.60000000e+00  4.62375928e-01 
 1.60500000e+00  1.60500000e+00  1.60500000e+00  4.50073567e-01 
 1.61000000e+00  1.61000000e+00  1.61000000e+00  4.38832064e-01 
 1.61500000e+00  1.61500000e+00  1.61500000e+00  4.28471623e-01 
 1.62000000e+00  1.62000000e+00  1.62000000e+00  4.18855368e-01 
 1.62500000e+00  1.62500000e+00  1.62500000e+00  4.09876762e-01 
 1.63000000e+00  1.63000000e+00  1.63000000e+00  4.01451258e-01 
 1.63500000e+00  1.63500000e+00  1.63500000e+00  3.93510616e-01 
 1.64000000e+00  1.64000000e+00  1.64000000e+00  3.85998935e-01 
 1.64500000e+00  1.64500000e+00  1.64500000e+00  3.78869812e-01 
 1.65000000e+00  1.65000000e+00  1.65000000e+00  3.72084287e-01 
 1.65500000e+00  1.65500000e+00  1.65500000e+00  3.65609305e-01 
 1.66000000e+00  1.66000000e+00  1.66000000e+00  3.59416558e-01 
 1.66500000e+00  1.66500000e+00  1.66500000e+00  3.53481610e-01 
 1.67000000e+00  1.67000000e+00  1.67000000e+00  3.47783199e-01 
 1.67500000e+00  1.67500000e+00  1.67500000e+00  3.42302706e-01 
 1.68000000e+00  1.68000000e+00  1.68000000e+00  3.37023721e-01 
 1.68500000e+00  1.68500000e+00  1.68500000e+00  3.31931702e-01 
 1.69000000e+00  1.69000000e+00  1.69000000e+00  3.27013692e-01 
 1.69500000e+00  1.69500000e+00  1.69500000e+00  3.22258097e-01 
 1.70000000e+00  1.70000000e+00  1.70000000e+00  3.17654490e-01 
 1.70500000e+00  1.70500000e+00  1.70500000e+00  3.13193461e-01 
 1.71000000e+00  1.71000000e+00  1.71000000e+00  3.08866484e-01 
 1.71500000e+00  1.71500000e+00  1.71500000e+00  3.04665805e-01 
 1.72000000e+00  1.72000000e+00  1.72000000e+00  3.00584352e-01 
 1.72500000e+00  1.72500000e+00  1.72500000e+00  2.96615655e-01 
 1.73000000e+00  1.73000000e+00  1.73000000e+00  2.92753775e-01 
 1.73500000e+00  1.73500000e+00  1.73500000e+00  2.88993249e-01 
 1.74000000e+00  1.74000000e+00  1.74000000e+00  2.85329039e-01 
 1.74500000e+00  1.74500000e+00  1.74500000e+00  2.81756486e-01 
 1.75000000e+00  1.75000000e+00  1.75000000e+00  2.78271273e-01 
 1.75500000e+00  1.75500000e+00  1.75500000e+00  2.74869392e-01 
 1.76000000e+00  1.76000000e+00  1.76000000e+00  2.71547114e-01 
 1.76500000e+00  1.76500000e+00  1.76500000e+00  2.68300963e-01 
 1.77000000e+00  1.77000000e+00  1.77000000e+00  2.65127692e-01 
 1.77500000e+00  1.77500000e+00  1.77500000e+00  2.62024266e-01 
 1.78000000e+00  1.78000000e+00  1.78000000e+00  2.58987840e-01 
 1.78500000e+00  1.78500000e+00  1.78500000e+00  2.56015744e-01 
 1.79000000e+00  1.79000000e+00  1.79000000e+00  2.53105470e-01 
 1.79500000e+00  1.79500000e+00  1.79500000e+00  2.50254658e-01 
 1.80000000e+00  1.80000000e+00  1.80000000e+00  2.47461084e-01 
 1.80500000e+00  1.80500000e+00  1.80500000e+00  2.44722650e-01 
 1.81000000e+00  1.81000000e+00  1.81000000e+00  2.42037373e-01 
 1.81500000e+00  1.81500000e+00  1.81500000e+00  2.39403378e-01 
 1.82000000e+00  1.82000000e+00  1.82000000e+00  2.36818892e-01 
 1.82500000e+00  1.82500000e+00  1.82500000e+00  2.34282232e-01 
 1.83000000e+00  1.83000000e+00  1.83000000e+00  2.31791802e-01 
 1.83500000e+00  1.83500000e+00  1.83500000e+00  2.29346086e-01 
 1.84000000e+00  1.84000000e+00  1.84000000e+00  2.26943644e-01 
 1.84500000e+00  1.84500000e+00  1.84500000e+00  2.24583104e-01 
 1.85000000e+00  1.85000000e+00  1.85000000e+00  2.22263162e-01 
 1.85500000e+00  1.85500000e+00  1.85500000e+00  2.19982573e-01 
 1.86000000e+00  1.86000000e+00  1.86000000e+00  2.17740149e-01 
 1.86500000e+00  1.86500000e+00  1.86500000e+00  2.15534758e-01 
 1.87000000e+00  1.87000000e+00  1.87000000e+00  2.13365317e-01 
 1.87500000e+00  1.87500000e+00  1.87500000e+00  2.11230791e-01 
 1.88000000e+00  1.88000000e+00  1.88000000e+00  2.09130189e-01 
 1.88500000e+00  1.88500000e+00  1.88500000e+00  2.07062564e-01 
 1.89000000e+00  1.89000000e+00  1.89000000e+00  2.05027006e-01 
 1.89500000e+00  1.89500000e+00  1.89500000e+00  2.03022644e-01 
 1.90000000e+00  1.90000000e+00  1.90000000e+00  2.01048644e-01 
 1.90500000e+00  1.90500000e+00  1.90500000e+00  1.99104202e-01 
 1.91000000e+00  1.91000000e+00  1.91000000e+00  1.97188549e-01 
 1.91500000e+00  1.91500000e+00  1.91500000e+00  1.95300944e-01 
 1.92000000e+00  1.92000000e+00  1.92000000e+00  1.93440675e-01 
 1.92500000e+00  1.92500000e+00  1.92500000e+00  1.91607058e-01 
 1.93000000e+00  1.93000000e+00  1.93000000e+00  1.89799432e-01 
 1.93500000e+00  1.93500000e+00  1.93500000e+00  1.88017164e-01 
 1.94000000e+00  1.94000000e+00  1.94000000e+00  1.86259642e-01 
 1.94500000e+00  1.94500000e+00  1.94500000e+00  1.84526275e-01 
 1.95000000e+00  1.95000000e+00  1.95000000e+00  1.82816496e-01 
 1.95500000e+00  1.95500000e+00  1.95500000e+00  1.81129755e-01 
 1.96000000e+00  1.96000000e+00  1.96000000e+00  1.79465522e-01 
 1.96500000e+00  1.96500000e+00  1.96500000e+00  1.77823286e-01 
 1.97000000e+00  1.97000000e+00  1.97000000e+00  1.76202553e-01 
 1.97500000e+00  1.97500000e+00  1.97500000e+00  1.74602845e-01 
 1.98000000e+00  1.98000000e+00  1.98000000e+00  1.73023700e-01 
 1.98500000e+00  1.98500000e+00  1.98500000e+00  1.71464671e-01 
 1.99000000e+00  1.99000000e+00  1.99000000e+00  1.69925325e-01 
 1.99500000e+00  1.99500000e+00  1.99500000e+00  1.68405245e-01 
 2.00000000e+00  2.00000000e+00  2.00000000e+00  1.66904024e-01 
 2.00500000e+00  2.00500000e+00  2.00500000e+00  1.65421271e-01 
 2.01000000e+00  2.01000000e+00  2.01000000e+00  1.63956604e-01 
 2.01500000e+00  2.01500000e+00  2.01500000e+00  1.62509654e-01 
 2.02000000e+00  2.02000000e+00  2.02000000e+00  1.61080065e-01 
 2.02500000e+00  2.02500000e+00  2.02500000e+00  1.59667488e-01 
 2.03000000e+00  2.03000000e+00  2.03000000e+00  1.58271588e-01 
 2.03500000e+00  2.03500000e+00  2.03500000e+00  1.56892037e-01 
 2.04000000e+00  2.04000000e+00  2.04000000e+00  1.55528518e-01 
 2.04500000e+00  2.04500000e+00  2.04500000e+00  1.54180722e-01 
 2.05000000e+00  2.05000000e+00  2.05000000e+00  1.52848352e-01 
 2.05500000e+00  2.05500000e+00  2.05500000e+00  1.51531115e-01 
 2.06000000e+00  2.06000000e+00  2.06000000e+00  1.50228728e-01 
 2.06500000e+00  2.06500000e+00  2.06500000e+00  1.48940918e-01 
 2.07000000e+00  2.07000000e+00  2.07000000e+00  1.47667415e-01 
 2.07500000e+00  2.07500000e+00  2.07500000e+00  1.46407961e-01 
 2.08000000e+00  2.08000000e+00  2.08000000e+00  1.45162301e-01 
 2.08500000e+00  2.08500000e+00  2.08500000e+00  1.43930190e-01 
 2.09000000e+00  2.09000000e+00  2.09000000e+00  1.42711388e-01 
 2.09500000e+00  2.09500000e+00  2.09500000e+00  1.41505661e-01 
 2.10000000e+00  2.10000000e+00  2.10000000e+00  1.40312781e-01 
 2.10500000e+00  2.10500000e+00  2.10500000e+00  1.39132527e-01 
 2.11000000e+00  2.11000000e+00  2.11000000e+00  1.37964682e-01 
 2.11500000e+00  2.11500000e+00  2.11500000e+00  1.36809037e-01 
 2.12000000e+00  2.12000000e+00  2.12000000e+00  1.35665386e-01 
 2.12500000e+00  2.12500000e+00  2.12500000e+00  1.34533529e-01 
 2.13000000e+00  2.13000000e+00  2.13000000e+00  1.33413270e-01 
 2.13500000e+00  2.13500000e+00  2.13500000e+00  1.32304419e-01 
 2.14000000e+00  2.14000000e+00  2.14000000e+00  1.31206791e-01 
 2.14500000e+00  2.14500000e+00  2.14500000e+00  1.30120204e-01 
 2.15000000e+00  2.15000000e+00  2.15000000e+00  1.29044480e-01 
 2.15500000e+00  2.15500000e+00  2.15500000e+00  1.27979448e-01 
 2.16000000e+00  2.16000000e+00  2.16000000e+00  1.26924939e-01 
 2.16500000e+00  2.16500000e+00  2.16500000e+00  1.25880787e-01 
 2.17000000e+00  2.17000000e+00  2.17000000e+00  1.24846832e-01 
 2.17500000e+00  2.17500000e+00  2.17500000e+00  1.23822916e-01 
 2.18000000e+00  2.18000000e+00  2.18000000e+00  1.22808886e-01 
 2.18500000e+00  2.18500000e+00  2.18500000e+00  1.21804591e-01 
 2.19000000e+00  2.19000000e+00  2.19000000e+00  1.20809886e-01 
 2.19500000e+00  2.19500000e+00  2.19500000e+00  1.19824625e-01 
 2.20000000e+00  2.20000000e+00  2.20000000e+00  1.18848669e-01 
 2.20500000e+00  2.20500000e+00  2.20500000e+00  1.17881881e-01 
 2.21000000e+00  2.21000000e+00  2.21000000e+00  1.16924126e-01 
 2.21500000e+00  2.21500000e+00  2.21500000e+00  1.15975272e-01 
 2.22000000e+00  2.22000000e+00  2.22000000e+00  1.15035193e-01 
 2.22500000e+00  2.22500000e+00  2.22500000e+00  1.14103760e-01 
 2.23000000e+00  2.23000000e+00  2.23000000e+00  1.13180852e-01 
 2.23500000e+00  2.23500000e+00  2.23500000e+00  1.12266348e-01 
 2.24000000e+00  2.24000000e+00  2.24000000e+00  1.11360130e-01 
 2.24500000e+00  2.24500000e+00  2.24500000e+00  1.10462081e-01 
 2.25000000e+00  2.25000000e+00  2.25000000e+00  1.09572091e-01 
 2.25500000e+00  2.25500000e+00  2.25500000e+00  1.08690046e-01 
 2.26000000e+00  2.26000000e+00  2.26000000e+00  1.07815839e-01 
 2.26500000e+00  2.26500000e+00  2.26500000e+00  1.06949364e-01 
 2.27000000e+00  2.27000000e+00  2.27000000e+00  1.06090516e-01 
 2.27500000e+00  2.27500000e+00  2.27500000e+00  1.05239192e-01 
 2.28000000e+00  2.28000000e+00  2.28000000e+00  1.04395294e-01 
 2.28500000e+00  2.28500000e+00  2.28500000e+00  1.03558722e-01 
 2.29000000e+00  2.29000000e+00  2.29000000e+00  1.02729381e-01 
 2.29500000e+00  2.29500000e+00  2.29500000e+00  1.01907176e-01 
 2.30000000e+00  2.30000000e+00  2.30000000e+00  1.01092015e-01 
 2.30500000e+00  2.30500000e+00  2.30500000e+00  1.00283807e-01 
 2.31000000e+00  2.31000000e+00  2.31000000e+00  9.94824624e-02 
 2.31500000e+00  2.31500000e+00  2.31500000e+00  9.86878949e-02 
 2.32000000e+00  2.32000000e+00  2.32000000e+00  9.79000185e-02 
 2.32500000e+00  2.32500000e+00  2.32500000e+00  9.71187491e-02 
 2.33000000e+00  2.33000000e+00  2.33000000e+00  9.63440043e-02 
 2.33500000e+00  2.33500000e+00  2.33500000e+00  9.55757032e-02 
 2.34000000e+00  2.34000000e+00  2.34000000e+00  9.48137664e-02 
 2.34500000e+00  2.34500000e+00  2.34500000e+00  9.40581158e-02 
 2.35000000e+00  2.35000000e+00  2.35000000e+00  9.33086751e-02 
 2.35500000e+00  2.35500000e+00  2.35500000e+00  9.25653689e-02 
 2.36000000e+00  2.36000000e+00  2.36000000e+00  9.18281236e-02 
 2.36500000e+00  2.36500000e+00  2.36500000e+00  9.10968667e-02 
 2.37000000e+00  2.37000000e+00  2.37000000e+00  9.03715270e-02 
 2.37500000e+00  2.37500000e+00  2.37500000e+00  8.96520346e-02 
 2.38000000e+00  2.38000000e+00  2.38000000e+00  8.89383209e-02 
 2.38500000e+00  2.38500000e+00  2.38500000e+00  8.82303183e-02 
 2.39000000e+00  2.39000000e+00  2.39000000e+00  8.75279607e-02 
 2.39500000e+00  2.39500000e+00  2.39500000e+00  8.68311828e-02 
 2.40000000e+00  2.40000000e+00  2.40000000e+00  8.61399208e-02 
 2.40500000e+00  2.40500000e+00  2.40500000e+00  8.54541117e-02 
 2.41000000e+00  2.41000000e+00  2.41000000e+00  8.47736937e-02 
 2.41500000e+00  2.41500000e+00  2.41500000e+00  8.40986060e-02 
 2.42000000e+00  2.42000000e+00  2.42000000e+00  8.34287889e-02 
 2.42500000e+00  2.42500000e+00  2.42500000e+00  8.27641836e-02 
 2.43000000e+00  2.43000000e+00  2.43000000e+00  8.21047326e-02 
 2.43500000e+00  2.43500000e+00  2.43500000e+00  8.14503788e-02 
 2.44000000e+00  2.44000000e+00  2.44000000e+00  8.08010666e-02 
 2.44500000e+00  2.44500000e+00  2.44500000e+00  8.01567411e-02 
 2.45000000e+00  2.45000000e+00  2.45000000e+00  7.95173481e-02 
 2.45500000e+00  2.45500000e+00  2.45500000e+00  7.88828346e-02 
 2.46000000e+00  2.46000000e+00  2.46000000e+00  7.82531484e-02 
 2.46500000e+00  2.46500000e+00  2.46500000e+00  7.76282379e-02 
 2.47000000e+00  2.47000000e+00  2.47000000e+00  7.70080528e-02 
 2.47500000e+00  2.47500000e+00  2.47500000e+00  7.63925431e-02 
 2.48000000e+00  2.48000000e+00  2.48000000e+00  7.57816599e-02 
 2.48500000e+00  2.48500000e+00  2.48500000e+00  7.51753550e-02 
 2.49000000e+00  2.49000000e+00  2.49000000e+00  7.45735810e-02 
 2.49500000e+00  2.49500000e+00  2.49500000e+00  7.39762912e-02 
 2.50000000e+00  2.50000000e+00  2.50000000e+00  7.33834396e-02 
 2.50500000e+00  2.50500000e+00  2.50500000e+00  7.27949810e-02 
 2.51000000e+00  2.51000000e+00  2.51000000e+00  7.22108709e-02 
 2.51500000e+00  2.51500000e+00  2.51500000e+00  7.16310655e-02 
 2.52000000e+00  2.52000000e+00  2.52000000e+00  7.10555215e-02 
 2.52500000e+00  2.52500000e+00  2.52500000e+00  7.04841965e-02 
 2.53000000e+00  2.53000000e+00  2.53000000e+00  6.99170486e-02 
 2.53500000e+00  2.53500000e+00  2.53500000e+00  6.93540366e-02 
 2.54000000e+00  2.54000000e+00  2.54000000e+00  6.87951199e-02 
 2.54500000e+00  2.54500000e+00  2.54500000e+00  6.82402585e-02 
 2.55000000e+00  2.55000000e+00  2.55000000e+00  6.76894131e-02 
 2.55500000e+00  2.55500000e+00  2.55500000e+00  6.71425447e-02 
 2.56000000e+00  2.56000000e+00  2.56000000e+00  6.65996153e-02 
 2.56500000e+00  2.56500000e+00  2.56500000e+00  6.60605872e-02 
 2.57000000e+00  2.57000000e+00  2.57000000e+00  6.55254232e-02 
 2.57500000e+00  2.57500000e+00  2.57500000e+00  6.49940868e-02 
 2.58000000e+00  2.58000000e+00  2.58000000e+00  6.44665421e-02 
 2.58500000e+00  2.58500000e+00  2.58500000e+00  6.39427534e-02 
 2.59000000e+00  2.59000000e+00  2.59000000e+00  6.34226859e-02 
 2.59500000e+00  2.59500000e+00  2.59500000e+00  6.29063050e-02 
 2.60000000e+00  2.60000000e+00  2.60000000e+00  6.23935768e-02 
 2.60500000e+00  2.60500000e+00  2.60500000e+00  6.18844677e-02 
 2.61000000e+00  2.61000000e+00  2.61000000e+00  6.13789449e-02 
 2.61500000e+00  2.61500000e+00  2.61500000e+00  6.08769757e-02 
 2.62000000e+00  2.62000000e+00  2.62000000e+00  6.03785280e-02 
 2.62500000e+00  2.62500000e+00  2.62500000e+00  5.98835703e-02 
 2.63000000e+00  2.63000000e+00  2.63000000e+00  5.93920713e-02 
 2.63500000e+00  2.63500000e+00  2.63500000e+00  5.89040003e-02 
 2.64000000e+00  2.64000000e+00  2.64000000e+00  5.84193269e-02 
 2.64500000e+00  2.64500000e+00  2.64500000e+00  5.79380213e-02 
 2.65000000e+00  2.65000000e+00  2.65000000e+00  5.74600541e-02 
 2.65500000e+00  2.65500000e+00  2.65500000e+00  5.69853960e-02 
 2.66000000e+00  2.66000000e+00  2.66000000e+00  5.65140185e-02 
 2.66500000e+00  2.66500000e+00  2.66500000e+00  5.60458932e-02 
 2.67000000e+00  2.67000000e+00  2.67000000e+00  5.55809922e-02 
 2.67500000e+00  2.67500000e+00  2.67500000e+00  5.51192881e-02 
 2.68000000e+00  2.68000000e+00  2.68000000e+00  5.46607536e-02 
 2.68500000e+00  2.68500000e+00  2.68500000e+00  5.42053620e-02 
 2.69000000e+00  2.69000000e+00  2.69000000e+00  5.37530869e-02 
 2.69500000e+00  2.69500000e+00  2.69500000e+00  5.33039022e-02 
 2.70000000e+00  2.70000000e+00  2.70000000e+00  5.28577821e-02 
 2.70500000e+00  2.70500000e+00  2.70500000e+00  5.24147013e-02 
 2.71000000e+00  2.71000000e+00  2.71000000e+00  5.19746348e-02 
 2.71500000e+00  2.71500000e+00  2.71500000e+00  5.15375578e-02 
 2.72000000e+00  2.72000000e+00  2.72000000e+00  5.11034459e-02 
 2.72500000e+00  2.72500000e+00  2.72500000e+00  5.06722750e-02 
 2.73000000e+00  2.73000000e+00  2.73000000e+00  5.02440215e-02 
 2.73500000e+00  2.73500000e+00  2.73500000e+00  4.98186619e-02 
 2.74000000e+00  2.74000000e+00  2.74000000e+00  4.93961729e-02 
 2.74500000e+00  2.74500000e+00  2.74500000e+00  4.89765318e-02 
 2.75000000e+00  2.75000000e+00  2.75000000e+00  4.85597161e-02 
 2.75500000e+00  2.75500000e+00  2.75500000e+00  4.81457034e-02 
 2.76000000e+00  2.76000000e+00  2.76000000e+00  4.77344717e-02 
 2.76500000e+00  2.76500000e+00  2.76500000e+00  4.73259995e-02 
 2.77000000e+00  2.77000000e+00  2.77000000e+00  4.69202652e-02 
 2.77500000e+00  2.77500000e+00  2.77500000e+00  4.65172477e-02 
 2.78000000e+00  2.78000000e+00  2.78000000e+00  4.61169262e-02 
 2.78500000e+00  2.78500000e+00  2.78500000e+00  4.57192799e-02 
 2.79000000e+00  2.79000000e+00  2.79000000e+00  4.53242886e-02 
 2.79500000e+00  2.79500000e+00  2.79500000e+00  4.49319322e-02 
 2.80000000e+00  2.80000000e+00  2.80000000e+00  4.45421907e-02 
 2.80500000e+00  2.80500000e+00  2.80500000e+00  4.41550446e-02 
 2.81000000e+00  2.81000000e+00  2.81000000e+00  4.37704745e-02 
 2.81500000e+00  2.81500000e+00  2.81500000e+00  4.33884612e-02 
 2.82000000e+00  2.82000000e+00  2.82000000e+00  4.30089859e-02 
 2.82500000e+00  2.82500000e+00  2.82500000e+00  4.26320300e-02 
 2.83000000e+00  2.83000000e+00  2.83000000e+00  4.22575749e-02 
 2.83500000e+00  2.83500000e+00  2.83500000e+00  4.18856024e-02 
 2.84000000e+00  2.84000000e+00  2.84000000e+00  4.15160947e-02 
 2.84500000e+00  2.84500000e+00  2.84500000e+00  4.11490338e-02 
 2.85000000e+00  2.85000000e+00  2.85000000e+00  4.07844023e-02 
 2.85500000e+00  2.85500000e+00  2.85500000e+00  4.04221828e-02 
 2.86000000e+00  2.86000000e+00  2.86000000e+00  4.00623582e-02 
 2.86500000e+00  2.86500000e+00  2.86500000e+00  3.97049115e-02 
 2.87000000e+00  2.87000000e+00  2.87000000e+00  3.93498260e-02 
 2.87500000e+00  2.87500000e+00  2.87500000e+00  3.89970851e-02 
 2.88000000e+00  2.88000000e+00  2.88000000e+00  3.86466726e-02 
 2.88500000e+00  2.88500000e+00  2.88500000e+00  3.82985723e-02 
 2.89000000e+00  2.89000000e+00  2.89000000e+00  3.79527682e-02 
 2.89500000e+00  2.89500000e+00  2.89500000e+00  3.76092445e-02 
 2.90000000e+00  2.90000000e+00  2.90000000e+00  3.72679857e-02 
 2.90500000e+00  2.90500000e+00  2.90500000e+00  3.69289765e-02 
 2.91000000e+00  2.91000000e+00  2.91000000e+00  3.65922014e-02 
 2.91500000e+00  2.91500000e+00  2.91500000e+00  3.62576456e-02 
 2.92000000e+00  2.92000000e+00  2.92000000e+00  3.59252941e-02 
 2.92500000e+00  2.92500000e+00  2.92500000e+00  3.55951323e-02 
 2.93000000e+00  2.93000000e+00  2.93000000e+00  3.52671455e-02 
 2.93500000e+00  2.93500000e+00  2.93500000e+00  3.49413195e-02 
 2.94000000e+00  2.94000000e+00  2.94000000e+00  3.46176401e-02 
 2.94500000e+00  2.94500000e+00  2.94500000e+00  3.42960932e-02 
 2.95000000e+00  2.95000000e+00  2.95000000e+00  3.39766649e-02 
 2.95500000e+00  2.95500000e+00  2.95500000e+00  3.36593415e-02 
 2.96000000e+00  2.96000000e+00  2.96000000e+00  3.33441094e-02 
 2.96500000e+00  2.96500000e+00  2.96500000e+00  3.30309553e-02 
 2.97000000e+00  2.97000000e+00  2.97000000e+00  3.27198658e-02 
 2.97500000e+00  2.97500000e+00  2.97500000e+00  3.24108279e-02 
 2.98000000e+00  2.98000000e+00  2.98000000e+00  3.21038286e-02 
 2.98500000e+00  2.98500000e+00  2.98500000e+00  3.17988550e-02 
 2.99000000e+00  2.99000000e+00  2.99000000e+00  3.14958946e-02 
 2.99500000e+00  2.99500000e+00  2.99500000e+00  3.11949346e-02 
 3.00000000e+00  3.00000000e+00  3.00000000e+00  3.08959628e-02 
 3.00500000e+00  3.00500000e+00  3.00500000e+00  3.05989669e-02 
 3.01000000e+00  3.01000000e+00  3.01000000e+00  3.03039347e-02 
 3.01500000e+00  3.01500000e+00  3.01500000e+00  3.00108542e-02 
 3.02000000e+00  3.02000000e+00  3.02000000e+00  2.97197136e-02 
 3.02500000e+00  3.02500000e+00  3.02500000e+00  2.94305012e-02 
 3.03000000e+00  3.03000000e+00  3.03000000e+00  2.91432053e-02 
 3.03500000e+00  3.03500000e+00  3.03500000e+00  2.88578144e-02 
 3.04000000e+00  3.04000000e+00  3.04000000e+00  2.85743172e-02 
 3.04500000e+00  3.04500000e+00  3.04500000e+00  2.82927025e-02 
 3.05000000e+00  3.05000000e+00  3.05000000e+00  2.80129591e-02 
 3.05500000e+00  3.05500000e+00  3.05500000e+00  2.77350760e-02 
 3.06000000e+00  3.06000000e+00  3.06000000e+00  2.74590423e-02 
 3.06500000e+00  3.06500000e+00  3.06500000e+00  2.71848474e-02 
 3.07000000e+00  3.07000000e+00  3.07000000e+00  2.69124805e-02 
 3.07500000e+00  3.07500000e+00  3.07500000e+00  2.66419310e-02 
 3.08000000e+00  3.08000000e+00  3.08000000e+00  2.63731887e-02 
 3.08500000e+00  3.08500000e+00  3.08500000e+00  2.61062431e-02 
 3.09000000e+00  3.09000000e+00  3.09000000e+00  2.58410841e-02 
 3.09500000e+00  3.09500000e+00  3.09500000e+00  2.55777015e-02 
 3.10000000e+00  3.10000000e+00  3.10000000e+00  2.53160853e-02 
 3.10500000e+00  3.10500000e+00  3.10500000e+00  2.50562257e-02 
 3.11000000e+00  3.11000000e+00  3.11000000e+00  2.47981129e-02 
 3.11500000e+00  3.11500000e+00  3.11500000e+00  2.45417372e-02 
 3.12000000e+00  3.12000000e+00  3.12000000e+00  2.42870890e-02 
 3.12500000e+00  3.12500000e+00  3.12500000e+00  2.40341588e-02 
 3.13000000e+00  3.13000000e+00  3.13000000e+00  2.37829372e-02 
 3.13500000e+00  3.13500000e+00  3.13500000e+00  2.35334150e-02 
 3.14000000e+00  3.14000000e+00  3.14000000e+00  2.32855829e-02 
 3.14500000e+00  3.14500000e+00  3.14500000e+00  2.30394319e-02 
 3.15000000e+00  3.15000000e+00  3.15000000e+00  2.27949528e-02 
 3.15500000e+00  3.15500000e+00  3.15500000e+00  2.25521369e-02 
 3.16000000e+00  3.16000000e+00  3.16000000e+00  2.23109753e-02 
 3.16500000e+00  3.16500000e+00  3.16500000e+00  2.20714592e-02 
 3.17000000e+00  3.17000000e+00  3.17000000e+00  2.18335800e-02 
 3.17500000e+00  3.17500000e+00  3.17500000e+00  2.15973292e-02 
 3.18000000e+00  3.18000000e+00  3.18000000e+00  2.13626982e-02 
 3.18500000e+00  3.18500000e+00  3.18500000e+00  2.11296787e-02 
 3.19000000e+00  3.19000000e+00  3.19000000e+00  2.08982624e-02 
 3.19500000e+00  3.19500000e+00  3.19500000e+00  2.06684410e-02 
 3.20000000e+00  3.20000000e+00  3.20000000e+00  2.04402064e-02 
 3.20500000e+00  3.20500000e+00  3.20500000e+00  2.02135505e-02 
 3.21000000e+00  3.21000000e+00  3.21000000e+00  1.99884654e-02 
 3.21500000e+00  3.21500000e+00  3.21500000e+00  1.97649432e-02 
 3.22000000e+00  3.22000000e+00  3.22000000e+00  1.95429761e-02 
 3.22500000e+00  3.22500000e+00  3.22500000e+00  1.93225562e-02 
 3.23000000e+00  3.23000000e+00  3.23000000e+00  1.91036760e-02 
 3.23500000e+00  3.23500000e+00  3.23500000e+00  1.88863279e-02 
 3.24000000e+00  3.24000000e+00  3.24000000e+00  1.86705043e-02 
 3.24500000e+00  3.24500000e+00  3.24500000e+00  1.84561978e-02 
 3.25000000e+00  3.25000000e+00  3.25000000e+00  1.82434010e-02 
 3.25500000e+00  3.25500000e+00  3.25500000e+00  1.80321067e-02 
 3.26000000e+00  3.26000000e+00  3.26000000e+00  1.78223076e-02 
 3.26500000e+00  3.26500000e+00  3.26500000e+00  1.76139966e-02 
 3.27000000e+00  3.27000000e+00  3.27000000e+00  1.74071665e-02 
 3.27500000e+00  3.27500000e+00  3.27500000e+00  1.72018105e-02 
 3.28000000e+00  3.28000000e+00  3.28000000e+00  1.69979215e-02 
 3.28500000e+00  3.28500000e+00  3.28500000e+00  1.67954928e-02 
 3.29000000e+00  3.29000000e+00  3.29000000e+00  1.65945173e-02 
 3.29500000e+00  3.29500000e+00  3.29500000e+00  1.63949886e-02 
 3.30000000e+00  3.30000000e+00  3.30000000e+00  1.61968998e-02 
 3.30500000e+00  3.30500000e+00  3.30500000e+00  1.60002444e-02 
 3.31000000e+00  3.31000000e+00  3.31000000e+00  1.58050159e-02 
 3.31500000e+00  3.31500000e+00  3.31500000e+00  1.56112077e-02 
 3.32000000e+00  3.32000000e+00  3.32000000e+00  1.54188135e-02 
 3.32500000e+00  3.32500000e+00  3.32500000e+00  1.52278269e-02 
 3.33000000e+00  3.33000000e+00  3.33000000e+00  1.50382418e-02 
 3.33500000e+00  3.33500000e+00  3.33500000e+00  1.48500517e-02 
 3.34000000e+00  3.34000000e+00  3.34000000e+00  1.46632507e-02 
 3.34500000e+00  3.34500000e+00  3.34500000e+00  1.44778326e-02 
 3.35000000e+00  3.35000000e+00  3.35000000e+00  1.42937914e-02 
 3.35500000e+00  3.35500000e+00  3.35500000e+00  1.41111211e-02 
 3.36000000e+00  3.36000000e+00  3.36000000e+00  1.39298158e-02 
 3.36500000e+00  3.36500000e+00  3.36500000e+00  1.37498698e-02 
 3.37000000e+00  3.37000000e+00  3.37000000e+00  1.35712772e-02 
 3.37500000e+00  3.37500000e+00  3.37500000e+00  1.33940323e-02 
 3.38000000e+00  3.38000000e+00  3.38000000e+00  1.32181295e-02 
 3.38500000e+00  3.38500000e+00  3.38500000e+00  1.30435631e-02 
 3.39000000e+00  3.39000000e+00  3.39000000e+00  1.28703277e-02 
 3.39500000e+00  3.39500000e+00  3.39500000e+00  1.26984177e-02 
 3.40000000e+00  3.40000000e+00  3.40000000e+00  1.25278278e-02 
 3.40500000e+00  3.40500000e+00  3.40500000e+00  1.23585527e-02 
 3.41000000e+00  3.41000000e+00  3.41000000e+00  1.21905869e-02 
 3.41500000e+00  3.41500000e+00  3.41500000e+00  1.20239254e-02 
 3.42000000e+00  3.42000000e+00  3.42000000e+00  1.18585628e-02 
 3.42500000e+00  3.42500000e+00  3.42500000e+00  1.16944942e-02 
 3.43000000e+00  3.43000000e+00  3.43000000e+00  1.15317145e-02 
 3.43500000e+00  3.43500000e+00  3.43500000e+00  1.13702187e-02 
 3.44000000e+00  3.44000000e+00  3.44000000e+00  1.12100019e-02 
 3.44500000e+00  3.44500000e+00  3.44500000e+00  1.10510591e-02 
 3.45000000e+00  3.45000000e+00  3.45000000e+00  1.08933857e-02 
 3.45500000e+00  3.45500000e+00  3.45500000e+00  1.07369768e-02 
 3.46000000e+00  3.46000000e+00  3.46000000e+00  1.05818279e-02 
 3.46500000e+00  3.46500000e+00  3.46500000e+00  1.04279342e-02 
 3.47000000e+00  3.47000000e+00  3.47000000e+00  1.02752913e-02 
 3.47500000e+00  3.47500000e+00  3.47500000e+00  1.01238946e-02 
 3.48000000e+00  3.48000000e+00  3.48000000e+00  9.97373970e-03 
 3.48500000e+00  3.48500000e+00  3.48500000e+00  9.82482229e-03 
 3.49000000e+00  3.49000000e+00  3.49000000e+00  9.67713807e-03 
 3.49500000e+00  3.49500000e+00  3.49500000e+00  9.53068278e-03 
 3.50000000e+00  3.50000000e+00  3.50000000e+00  9.38545228e-03 
 3.50500000e+00  3.50500000e+00  3.50500000e+00  9.24144246e-03 
 3.51000000e+00  3.51000000e+00  3.51000000e+00  9.09864930e-03 
 3.51500000e+00  3.51500000e+00  3.51500000e+00  8.95706884e-03 
 3.52000000e+00  3.52000000e+00  3.52000000e+00  8.81669719e-03 
 3.52500000e+00  3.52500000e+00  3.52500000e+00  8.67753052e-03 
 3.53000000e+00  3.53000000e+00  3.53000000e+00  8.53956509e-03 
 3.53500000e+00  3.53500000e+00  3.53500000e+00  8.40279721e-03 
 3.54000000e+00  3.54000000e+00  3.54000000e+00  8.26722328e-03 
 3.54500000e+00  3.54500000e+00  3.54500000e+00  8.13283976e-03 
 3.55000000e+00  3.55000000e+00  3.55000000e+00  7.99964319e-03 
 3.55500000e+00  3.55500000e+00  3.55500000e+00  7.86763019e-03 
 3.56000000e+00  3.56000000e+00  3.56000000e+00  7.73679744e-03 
 3.56500000e+00  3.56500000e+00  3.56500000e+00  7.60714172e-03 
 3.57000000e+00  3.57000000e+00  3.57000000e+00  7.47865986e-03 
 3.57500000e+00  3.57500000e+00  3.57500000e+00  7.35134880e-03 
 3.58000000e+00  3.58000000e+00  3.58000000e+00  7.22520554e-03 
 3.58500000e+00  3.58500000e+00  3.58500000e+00  7.10022716e-03 
 3.59000000e+00  3.59000000e+00  3.59000000e+00  6.97641084e-03 
 3.59500000e+00  3.59500000e+00  3.59500000e+00  6.85375382e-03 
 3.60000000e+00  3.60000000e+00  3.60000000e+00  6.73225345e-03 
 3.60500000e+00  3.60500000e+00  3.60500000e+00  6.61190715e-03 
 3.61000000e+00  3.61000000e+00  3.61000000e+00  6.49271242e-03 
 3.61500000e+00  3.61500000e+00  3.61500000e+00  6.37466687e-03 
 3.62000000e+00  3.62000000e+00  3.62000000e+00  6.25776819e-03 
 3.62500000e+00  3.62500000e+00  3.62500000e+00  6.14201416e-03 
 3.63000000e+00  3.63000000e+00  3.63000000e+00  6.02740265e-03 
 3.63500000e+00  3.63500000e+00  3.63500000e+00  5.91393162e-03 
 3.64000000e+00  3.64000000e+00  3.64000000e+00  5.80159913e-03 
 3.64500000e+00  3.64500000e+00  3.64500000e+00  5.69040334e-03 
 3.65000000e+00  3.65000000e+00  3.65000000e+00  5.58034249e-03 
 3.65500000e+00  3.65500000e+00  3.65500000e+00  5.47141494e-03 
 3.66000000e+00  3.66000000e+00  3.66000000e+00  5.36361912e-03 
 3.66500000e+00  3.66500000e+00  3.66500000e+00  5.25695358e-03 
 3.67000000e+00  3.67000000e+00  3.67000000e+00  5.15141697e-03 
 3.67500000e+00  3.67500000e+00  3.67500000e+00  5.04700802e-03 
 3.68000000e+00  3.68000000e+00  3.68000000e+00  4.94372558e-03 
 3.68500000e+00  3.68500000e+00  3.68500000e+00  4.84156860e-03 
 3.69000000e+00  3.69000000e+00  3.69000000e+00  4.74053611e-03 
 3.69500000e+00  3.69500000e+00  3.69500000e+00  4.64062728e-03 
 3.70000000e+00  3.70000000e+00  3.70000000e+00  4.54184133e-03 
 3.70500000e+00  3.70500000e+00  3.70500000e+00  4.44417764e-03 
 3.71000000e+00  3.71000000e+00  3.71000000e+00  4.34763564e-03 
 3.71500000e+00  3.71500000e+00  3.71500000e+00  4.25221488e-03 
 3.72000000e+00  3.72000000e+00  3.72000000e+00  4.15791502e-03 
 3.72500000e+00  3.72500000e+00  3.72500000e+00  4.06473581e-03 
 3.73000000e+00  3.73000000e+00  3.73000000e+00  3.97267708e-03 
 3.73500000e+00  3.73500000e+00  3.73500000e+00  3.88173878e-03 
 3.74000000e+00  3.74000000e+00  3.74000000e+00  3.79192095e-03 
 3.74500000e+00  3.74500000e+00  3.74500000e+00  3.70322370e-03 
 3.75000000e+00  3.75000000e+00  3.75000000e+00  3.61564725e-03 
 3.75500000e+00  3.75500000e+00  3.75500000e+00  3.52919191e-03 
 3.76000000e+00  3.76000000e+00  3.76000000e+00  3.44385805e-03 
 3.76500000e+00  3.76500000e+00  3.76500000e+00  3.35964613e-03 
 3.77000000e+00  3.77000000e+00  3.77000000e+00  3.27655669e-03 
 3.77500000e+00  3.77500000e+00  3.77500000e+00  3.19459033e-03 
 3.78000000e+00  3.78000000e+00  3.78000000e+00  3.11374773e-03 
 3.78500000e+00  3.78500000e+00  3.78500000e+00  3.03402960e-03 
 3.79000000e+00  3.79000000e+00  3.79000000e+00  2.95543673e-03 
 3.79500000e+00  3.79500000e+00  3.79500000e+00  2.87796996e-03 
 3.80000000e+00  3.80000000e+00  3.80000000e+00  2.80163013e-03 
 3.80500000e+00  3.80500000e+00  3.80500000e+00  2.72641816e-03 
 3.81000000e+00  3.81000000e+00  3.81000000e+00  2.65233496e-03 
 3.81500000e+00  3.81500000e+00  3.81500000e+00  2.57938146e-03 
 3.82000000e+00  3.82000000e+00  3.82000000e+00  2.50755861e-03 
 3.82500000e+00  3.82500000e+00  3.82500000e+00  2.43686731e-03 
 3.83000000e+00  3.83000000e+00  3.83000000e+00  2.36730850e-03 
 3.83500000e+00  3.83500000e+00  3.83500000e+00  2.29888305e-03 
 3.84000000e+00  3.84000000e+00  3.84000000e+00  2.23159178e-03 
 3.84500000e+00  3.84500000e+00  3.84500000e+00  2.16543550e-03 
 3.85000000e+00  3.85000000e+00  3.85000000e+00  2.10041489e-03 
 3.85500000e+00  3.85500000e+00  3.85500000e+00  2.03653060e-03 
 3.86000000e+00  3.86000000e+00  3.86000000e+00  1.97378313e-03 
 3.86500000e+00  3.86500000e+00  3.86500000e+00  1.91217289e-03 
 3.87000000e+00  3.87000000e+00  3.87000000e+00  1.85170016e-03 
 3.87500000e+00  3.87500000e+00  3.87500000e+00  1.79236506e-03 
 3.88000000e+00  3.88000000e+00  3.88000000e+00  1.73416752e-03 
 3.88500000e+00  3.88500000e+00  3.88500000e+00  1.67710730e-03 
 3.89000000e+00  3.89000000e+00  3.89000000e+00  1.62118395e-03 
 3.89500000e+00  3.89500000e+00  3.89500000e+00  1.56639679e-03 
 3.90000000e+00  3.90000000e+00  3.90000000e+00  1.51274487e-03 
 3.90500000e+00  3.90500000e+00  3.90500000e+00  1.46022700e-03 
 3.91000000e+00  3.91000000e+00  3.91000000e+00  1.40884167e-03 
 3.91500000e+00  3.91500000e+00  3.91500000e+00  1.35858705e-03 
 3.92000000e+00  3.92000000e+00  3.92000000e+00  1.30946100e-03 
 3.92500000e+00  3.92500000e+00  3.92500000e+00  1.26146099e-03 
 3.93000000e+00  3.93000000e+00  3.93000000e+00  1.21458412e-03 
 3.93500000e+00  3.93500000e+00  3.93500000e+00  1.16882708e-03 
 3.94000000e+00  3.94000000e+00  3.94000000e+00  1.12418613e-03 
 3.94500000e+00  3.94500000e+00  3.94500000e+00  1.08065710e-03 
 3.95000000e+00  3.95000000e+00  3.95000000e+00  1.03823531e-03 
 3.95500000e+00  3.95500000e+00  3.95500000e+00  9.96915611e-04 
 3.96000000e+00  3.96000000e+00  3.96000000e+00  9.56692345e-04 
 3.96500000e+00  3.96500000e+00  3.96500000e+00  9.17559308e-04 
 3.97000000e+00  3.97000000e+00  3.97000000e+00  8.79509752e-04 
 3.97500000e+00  3.97500000e+00  3.97500000e+00  8.42536359e-04 
 3.98000000e+00  3.98000000e+00  3.98000000e+00  8.06631226e-04 
 3.98500000e+00  3.98500000e+00  3.98500000e+00  7.71785852e-04 
 3.99000000e+00  3.99000000e+00  3.99000000e+00  7.37991125e-04 
 3.99500000e+00  3.99500000e+00  3.99500000e+00  7.05237313e-04 
 4.00000000e+00  4.00000000e+00  4.00000000e+00  6.73514050e-04 
 4.00500000e+00  4.00500000e+00  4.00500000e+00  6.42810335e-04 
 4.01000000e+00  4.01000000e+00  4.01000000e+00  6.13114524e-04 
 4.01500000e+00  4.01500000e+00  4.01500000e+00  5.84414331e-04 
 4.02000000e+00  4.02000000e+00  4.02000000e+00  5.56696826e-04 
 4.02500000e+00  4.02500000e+00  4.02500000e+00  5.29948440e-04 
 4.03000000e+00  4.03000000e+00  4.03000000e+00  5.04154972e-04 
 4.03500000e+00  4.03500000e+00  4.03500000e+00  4.79301597e-04 
 4.04000000e+00  4.04000000e+00  4.04000000e+00  4.55372878e-04 
 4.04500000e+00  4.04500000e+00  4.04500000e+00  4.32352780e-04 
 4.05000000e+00  4.05000000e+00  4.05000000e+00  4.10224692e-04 
 4.05500000e+00  4.05500000e+00  4.05500000e+00  3.88971444e-04 
 4.06000000e+00  4.06000000e+00  4.06000000e+00  3.68575332e-04 
 4.06500000e+00  4.06500000e+00  4.06500000e+00  3.49018147e-04 
 4.07000000e+00  4.07000000e+00  4.07000000e+00  3.30281201e-04 
 4.07500000e+00  4.07500000e+00  4.07500000e+00  3.12345364e-04 
 4.08000000e+00  4.08000000e+00  4.08000000e+00  2.95191096e-04 
 4.08500000e+00  4.08500000e+00  4.08500000e+00  2.78798484e-04 
 4.09000000e+00  4.09000000e+00  4.09000000e+00  2.63147282e-04 
 4.09500000e+00  4.09500000e+00  4.09500000e+00  2.48216956e-04 
 4.10000000e+00  4.10000000e+00  4.10000000e+00  2.33986722e-04 
 4.10500000e+00  4.10500000e+00  4.10500000e+00  2.20435594e-04 
 4.11000000e+00  4.11000000e+00  4.11000000e+00  2.07542428e-04 
 4.11500000e+00  4.11500000e+00  4.11500000e+00  1.95285972e-04 
 4.12000000e+00  4.12000000e+00  4.12000000e+00  1.83644908e-04 
 4.12500000e+00  4.12500000e+00  4.12500000e+00  1.72597906e-04 
 4.13000000e+00  4.13000000e+00  4.13000000e+00  1.62123667e-04 
 4.13500000e+00  4.13500000e+00  4.13500000e+00  1.52200972e-04 
 4.14000000e+00  4.14000000e+00  4.14000000e+00  1.42808726e-04 
 4.14500000e+00  4.14500000e+00  4.14500000e+00  1.33926009e-04 
 4.15000000e+00  4.15000000e+00  4.15000000e+00  1.25532113e-04 
 4.15500000e+00  4.15500000e+00  4.15500000e+00  1.17606591e-04 
 4.16000000e+00  4.16000000e+00  4.16000000e+00  1.10129292e-04 
 4.16500000e+00  4.16500000e+00  4.16500000e+00  1.03080403e-04 
 4.17000000e+00  4.17000000e+00  4.17000000e+00  9.64404831e-05 
 4.17500000e+00  4.17500000e+00  4.17500000e+00  9.01904998e-05 
 4.18000000e+00  4.18000000e+00  4.18000000e+00  8.43118561e-05 
 4.18500000e+00  4.18500000e+00  4.18500000e+00  7.87864204e-05 
 4.19000000e+00  4.19000000e+00  4.19000000e+00  7.35965510e-05 
 4.19500000e+00  4.19500000e+00  4.19500000e+00  6.87251178e-05 
 4.20000000e+00  4.20000000e+00  4.20000000e+00  6.41555212e-05 
 4.20500000e+00  4.20500000e+00  4.20500000e+00  5.98717075e-05 
 4.21000000e+00  4.21000000e+00  4.21000000e+00  5.58581814e-05 
 4.21500000e+00  4.21500000e+00  4.21500000e+00  5.21000152e-05 
 4.22000000e+00  4.22000000e+00  4.22000000e+00  4.85828558e-05 
 4.22500000e+00  4.22500000e+00  4.22500000e+00  4.52929278e-05 
 4.23000000e+00  4.23000000e+00  4.23000000e+00  4.22170343e-05 
 4.23500000e+00  4.23500000e+00  4.23500000e+00  3.93425556e-05 
 4.24000000e+00  4.24000000e+00  4.24000000e+00  3.66574442e-05 
 4.24500000e+00  4.24500000e+00  4.24500000e+00  3.41502192e-05 
 4.25000000e+00  4.25000000e+00  4.25000000e+00  3.18099568e-05 
 4.25500000e+00  4.25500000e+00  4.25500000e+00  2.96262806e-05 
 4.26000000e+00  4.26000000e+00  4.26000000e+00  2.75893490e-05 
 4.26500000e+00  4.26500000e+00  4.26500000e+00  2.56898417e-05 
 4.27000000e+00  4.27000000e+00  4.27000000e+00  2.39189448e-05 
 4.27500000e+00  4.27500000e+00  4.27500000e+00  2.22683347e-05 
 4.28000000e+00  4.28000000e+00  4.28000000e+00  2.07301614e-05 
 4.28500000e+00  4.28500000e+00  4.28500000e+00  1.92970308e-05 
 4.29000000e+00  4.29000000e+00  4.29000000e+00  1.79619863e-05 
 4.29500000e+00  4.29500000e+00  4.29500000e+00  1.67184908e-05 
 4.30000000e+00  4.30000000e+00  4.30000000e+00  1.55604078e-05 
 4.30500000e+00  4.30500000e+00  4.30500000e+00  1.44819827e-05 
 4.31000000e+00  4.31000000e+00  4.31000000e+00  1.34778239e-05 
 4.31500000e+00  4.31500000e+00  4.31500000e+00  1.25428845e-05 
 4.32000000e+00  4.32000000e+00  4.32000000e+00  1.16724441e-05 
 4.32500000e+00  4.32500000e+00  4.32500000e+00  1.08620911e-05 
 4.33000000e+00  4.33000000e+00  4.33000000e+00  1.01077050e-05 
 4.33500000e+00  4.33500000e+00  4.33500000e+00  9.40543953e-06 
 4.34000000e+00  4.34000000e+00  4.34000000e+00  8.75170687e-06 
 4.34500000e+00  4.34500000e+00  4.34500000e+00  8.14316141e-06 
 4.35000000e+00  4.35000000e+00  4.35000000e+00  7.57668503e-06 
 4.35500000e+00  4.35500000e+00  4.35500000e+00  7.04937258e-06 
 4.36000000e+00  4.36000000e+00  4.36000000e+00  6.55851832e-06 
 4.36500000e+00  4.36500000e+00  4.36500000e+00  6.10160281e-06 
 4.37000000e+00  4.37000000e+00  4.37000000e+00  5.67628064e-06 
 4.37500000e+00  4.37500000e+00  4.37500000e+00  5.28036879e-06 
 4.38000000e+00  4.38000000e+00  4.38000000e+00  4.91183563e-06 
 4.38500000e+00  4.38500000e+00  4.38500000e+00  4.56879060e-06 
 4.39000000e+00  4.39000000e+00  4.39000000e+00  4.24947453e-06 
 4.39500000e+00  4.39500000e+00  4.39500000e+00  3.95225051e-06 
 4.40000000e+00  4.40000000e+00  4.40000000e+00  3.67559541e-06 
 4.40500000e+00  4.40500000e+00  4.40500000e+00  3.41809191e-06 
 4.41000000e+00  4.41000000e+00  4.41000000e+00  3.17842110e-06 
 4.41500000e+00  4.41500000e+00  4.41500000e+00  2.95535556e-06 
 4.42000000e+00  4.42000000e+00  4.42000000e+00  2.74775287e-06 
 4.42500000e+00  4.42500000e+00  4.42500000e+00  2.55454970e-06 
 4.43000000e+00  4.43000000e+00  4.43000000e+00  2.37475618e-06 
 4.43500000e+00  4.43500000e+00  4.43500000e+00  2.20745071e-06 
 4.44000000e+00  4.44000000e+00  4.44000000e+00  2.05177523e-06 
 4.44500000e+00  4.44500000e+00  4.44500000e+00  1.90693066e-06 
 4.45000000e+00  4.45000000e+00  4.45000000e+00  1.77217284e-06 
 4.45500000e+00  4.45500000e+00  4.45500000e+00  1.64680862e-06 
 4.46000000e+00  4.46000000e+00  4.46000000e+00  1.53019236e-06 
 4.46500000e+00  4.46500000e+00  4.46500000e+00  1.42172257e-06 
 4.47000000e+00  4.47000000e+00  4.47000000e+00  1.32083887e-06 
 4.47500000e+00  4.47500000e+00  4.47500000e+00  1.22701913e-06 
 4.48000000e+00  4.48000000e+00  4.48000000e+00  1.13977686e-06 
 4.48500000e+00  4.48500000e+00  4.48500000e+00  1.05865869e-06 
 4.49000000e+00  4.49000000e+00  4.49000000e+00  9.83242175e-07 
 4.49500000e+00  4.49500000e+00  4.49500000e+00  9.13133614e-07 
 4.50000000e+00  4.50000000e+00  4.50000000e+00  8.47966123e-07 
 4.50500000e+00  4.50500000e+00  4.50500000e+00  7.87397796e-07 
 4.51000000e+00  4.51000000e+00  4.51000000e+00  7.31110006e-07 
 4.51500000e+00  4.51500000e+00  4.51500000e+00  6.78805833e-07 
 4.52000000e+00  4.52000000e+00  4.52000000e+00  6.30208584e-07 
 4.52500000e+00  4.52500000e+00  4.52500000e+00  5.85060437e-07 
 4.53000000e+00  4.53000000e+00  4.53000000e+00  5.43121155e-07 
 4.53500000e+00  4.53500000e+00  4.53500000e+00  5.04166915e-07 
 4.54000000e+00  4.54000000e+00  4.54000000e+00  4.67989185e-07 
 4.54500000e+00  4.54500000e+00  4.54500000e+00  4.34393710e-07 
 4.55000000e+00  4.55000000e+00  4.55000000e+00  4.03199540e-07 
 4.55500000e+00  4.55500000e+00  4.55500000e+00  3.74238142e-07 
 4.56000000e+00  4.56000000e+00  4.56000000e+00  3.47352559e-07 
 4.56500000e+00  4.56500000e+00  4.56500000e+00  3.22396634e-07 
 4.57000000e+00  4.57000000e+00  4.57000000e+00  2.99234280e-07 
 4.57500000e+00  4.57500000e+00  4.57500000e+00  2.77738805e-07 
 4.58000000e+00  4.58000000e+00  4.58000000e+00  2.57792274e-07 
 4.58500000e+00  4.58500000e+00  4.58500000e+00  2.39284919e-07 
 4.59000000e+00  4.59000000e+00  4.59000000e+00  2.22114588e-07 
 4.59500000e+00  4.59500000e+00  4.59500000e+00  2.06186227e-07 
 4.60000000e+00  4.60000000e+00  4.60000000e+00  1.91411402e-07 
 4.60500000e+00  4.60500000e+00  4.60500000e+00  1.77707845e-07 
 4.61000000e+00  4.61000000e+00  4.61000000e+00  1.64999039e-07 
 4.61500000e+00  4.61500000e+00  4.61500000e+00  1.53213822e-07 
 4.62000000e+00  4.62000000e+00  4.62000000e+00  1.42286025e-07 
 4.62500000e+00  4.62500000e+00  4.62500000e+00  1.32154126e-07 
 4.63000000e+00  4.63000000e+00  4.63000000e+00  1.22760937e-07 
 4.63500000e+00  4.63500000e+00  4.63500000e+00  1.14053302e-07 
 4.64000000e+00  4.64000000e+00  4.64000000e+00  1.05981819e-07 
 4.64500000e+00  4.64500000e+00  4.64500000e+00  9.85005853e-08 
 4.65000000e+00  4.65000000e+00  4.65000000e+00  9.15669514e-08 
 4.65500000e+00  4.65500000e+00  4.65500000e+00  8.51412987e-08 
 4.66000000e+00  4.66000000e+00  4.66000000e+00  7.91868263e-08 
 4.66500000e+00  4.66500000e+00  4.66500000e+00  7.36693571e-08 
 4.67000000e+00  4.67000000e+00  4.67000000e+00  6.85571537e-08 
 4.67500000e+00  4.67500000e+00  4.67500000e+00  6.38207490e-08 
 4.68000000e+00  4.68000000e+00  4.68000000e+00  5.94327859e-08 
 4.68500000e+00  4.68500000e+00  4.68500000e+00  5.53678709e-08 
 4.69000000e+00  4.69000000e+00  4.69000000e+00  5.16024330e-08 
 4.69500000e+00  4.69500000e+00  4.69500000e+00  4.81146006e-08 
 4.70000000e+00  4.70000000e+00  4.70000000e+00  4.48840752e-08 
 4.70500000e+00  4.70500000e+00  4.70500000e+00  4.18920261e-08 
 4.71000000e+00  4.71000000e+00  4.71000000e+00  3.91209814e-08 
 4.71500000e+00  4.71500000e+00  4.71500000e+00  3.65547343e-08 
 4.72000000e+00  4.72000000e+00  4.72000000e+00  3.41782538e-08 
 4.72500000e+00  4.72500000e+00  4.72500000e+00  3.19775976e-08 
 4.73000000e+00  4.73000000e+00  4.73000000e+00  2.99398376e-08 
 4.73500000e+00  4.73500000e+00  4.73500000e+00  2.80529861e-08 
 4.74000000e+00  4.74000000e+00  4.74000000e+00  2.63059282e-08 
 4.74500000e+00  4.74500000e+00  4.74500000e+00  2.46883597e-08 
 4.75000000e+00  4.75000000e+00  4.75000000e+00  2.31907289e-08 
 4.75500000e+00  4.75500000e+00  4.75500000e+00  2.18041808e-08 
 4.76000000e+00  4.76000000e+00  4.76000000e+00  2.05205101e-08 
 4.76500000e+00  4.76500000e+00  4.76500000e+00  1.93321110e-08 
 4.77000000e+00  4.77000000e+00  4.77000000e+00  1.82319358e-08 
 4.77500000e+00  4.77500000e+00  4.77500000e+00  1.72134545e-08 
 4.78000000e+00  4.78000000e+00  4.78000000e+00  1.62706149e-08 
 4.78500000e+00  4.78500000e+00  4.78500000e+00  1.53978119e-08 
 4.79000000e+00  4.79000000e+00  4.79000000e+00  1.45898513e-08 
 4.79500000e+00  4.79500000e+00  4.79500000e+00  1.38419216e-08 
 4.80000000e+00  4.80000000e+00  4.80000000e+00  1.31495665e-08 
 4.80500000e+00  4.80500000e+00  4.80500000e+00  1.25086586e-08 
 4.81000000e+00  4.81000000e+00  4.81000000e+00  1.19153738e-08 
 4.81500000e+00  4.81500000e+00  4.81500000e+00  1.13661718e-08 
 4.82000000e+00  4.82000000e+00  4.82000000e+00  1.08577730e-08 
 4.82500000e+00  4.82500000e+00  4.82500000e+00  1.03871423e-08 
 4.83000000e+00  4.83000000e+00  4.83000000e+00  9.95146582e-09 
 4.83500000e+00  4.83500000e+00  4.83500000e+00  9.54814183e-09 
 4.84000000e+00  4.84000000e+00  4.84000000e+00  9.17475934e-09 
 4.84500000e+00  4.84500000e+00  4.84500000e+00  8.82908552e-09 
 4.85000000e+00  4.85000000e+00  4.85000000e+00  8.50905602e-09 
 4.85500000e+00  4.85500000e+00  4.85500000e+00  8.21275660e-09 
 4.86000000e+00  4.86000000e+00  4.86000000e+00  7.93841780e-09 
 4.86500000e+00  4.86500000e+00  4.86500000e+00  7.68439998e-09 
 4.87000000e+00  4.87000000e+00  4.87000000e+00  7.44918596e-09 
 4.87500000e+00  4.87500000e+00  4.87500000e+00  7.23137152e-09 
 4.88000000e+00  4.88000000e+00  4.88000000e+00  7.02965635e-09 
 4.88500000e+00  4.88500000e+00  4.88500000e+00  6.84283804e-09 
 4.89000000e+00  4.89000000e+00  4.89000000e+00  6.66980320e-09 
 4.89500000e+00  4.89500000e+00  4.89500000e+00  6.50952182e-09 
 4.90000000e+00  4.90000000e+00  4.90000000e+00  6.36103926e-09 
 4.90500000e+00  4.90500000e+00  4.90500000e+00  6.22347338e-09 
 4.91000000e+00  4.91000000e+00  4.91000000e+00  6.09600877e-09 
 4.91500000e+00  4.91500000e+00  4.91500000e+00  5.97788786e-09 
 4.92000000e+00  4.92000000e+00  4.92000000e+00  5.86841236e-09 
 4.92500000e+00  4.92500000e+00  4.92500000e+00  5.76693574e-09 
 4.93000000e+00  4.93000000e+00  4.93000000e+00  5.67285917e-09 
 4.93500000e+00  4.93500000e+00  4.93500000e+00  5.58562772e-09 
 4.94000000e+00  4.94000000e+00  4.94000000e+00  5.50472951e-09 
 4.94500000e+00  4.94500000e+00  4.94500000e+00  5.42969018e-09 
 4.95000000e+00  4.95000000e+00  4.95000000e+00  5.36007153e-09 
 4.95500000e+00  4.95500000e+00  4.95500000e+00  5.29546760e-09 
 4.96000000e+00  4.96000000e+00  4.96000000e+00  5.23550162e-09 
 4.96500000e+00  4.96500000e+00  4.96500000e+00  5.17982748e-09 
 4.97000000e+00  4.97000000e+00  4.97000000e+00  5.12812403e-09 
 4.97500000e+00  4.97500000e+00  4.97500000e+00  5.08009220e-09 
 4.98000000e+00  4.98000000e+00  4.98000000e+00  5.03545870e-09 
 4.98500000e+00  4.98500000e+00  4.98500000e+00  4.99396839e-09 
 4.99000000e+00  4.99000000e+00  4.99000000e+00  4.95538559e-09 
 4.99500000e+00  4.99500000e+00  4.99500000e+00  4.91949303e-09 
 5.00000000e+00  5.00000000e+00  5.00000000e+00  4.88608873e-09 
